# File generated by CMD 3.8 (http://stev.oapd.inaf.it/cmd) on Tue Apr  8 13:53:51 UTC 2025
# isochrones based on PARSEC release v1.2S +  COLIBRI S_37 + S_35 + PR16
# Basic references: Bressan et al. (2012), MNRAS, 427, 127 + Chen et al. (2014, 2015), MNRAS, 444, 2525 + MNRAS, 452, 1068 + Tang et al. (2014), MNRAS, 445, 4287 + Marigo et al. (2017), ApJ, 835, 77 + Pastorelli al. (2019), MNRAS, 485, 5666 + Pastorelli al. (2020), MNRAS, in press
# Thermal pulse cycles included 
# On RGB, assumed Reimers mass loss with efficiency eta=0.2
# LPV periods and growth rates added cf. Trabucchi et al. (2019)
# but fundamental-mode LPV periods + transition are from Trabucchi et al. (2021)
# Photometric system: Gaia EDR3 (all Vegamags, Gaia passbands from ESA/Gaia website)
# Attention: photometry includes extinction of Av=0.062, with coefficients derived star-by-star, for Cardelli et al 89 + O'Donnell 94 Rv=3.1 extinction curve.
# Using YBC version of bolometric corrections as in Chen et al. (2019)
# O-rich circumstellar dpmod60alox40 dust from Groenewegen (2006)
# C-rich circumstellar AMCSIC15 dust from Groenewegen (2006)
# IMF: Kroupa (2001, 2002) + Kroupa et al. (2013) canonical two-part-power law IMF corrected for unresolved binaries 
# Kind of output: isochrone tables
# Zini     MH   logAge Mini        int_IMF         Mass   logL    logTe  logg  label   McoreTP C_O  period0  period1  period2  period3  period4  pmode  Mloss  tau1m   X   Y   Xc  Xn  Xo  Cexcess  Z 	 mbolmag  Gmag    G_BPmag  G_RPmag
0.00024632 -1.80000 10.07918 0.0900000036 1.0816895926    0.090 -3.197  3.4849  5.480    1  0.000  0.545     0.00     0.00     0.00     0.00     0.00 -1 -4.85e-17      0.00 7.483e-01 2.514e-01 4.823e-05 1.301e-05 1.180e-04 -1.000 2.681e-04 12.762 13.548 15.270 12.321
0.00024632 -1.80000 10.07918 0.0963150933 1.1395663999    0.096 -2.964  3.5190  5.414    1  0.000  0.545     0.00     0.00     0.00     0.00     0.00 -1 -8.65e-17      0.00 7.467e-01 2.530e-01 4.823e-05 1.301e-05 1.180e-04 -1.000 2.682e-04 12.180 12.826 14.121 11.719
0.00024632 -1.80000 10.07918 0.1000000015 1.1711064122    0.100 -2.835  3.5378  5.377    1  0.000  0.545     0.00     0.00     0.00     0.00     0.00 -1 -1.19e-16      0.00 7.458e-01 2.540e-01 4.823e-05 1.301e-05 1.180e-04 -1.000 2.681e-04 11.858 12.422 13.555 11.376
0.00024632 -1.80000 10.07918 0.1199999973 1.3193154249    0.120 -2.543  3.5687  5.286    1  0.000  0.545     0.00     0.00     0.00     0.00     0.00 -1 -2.37e-16      0.00 7.427e-01 2.571e-01 4.823e-05 1.301e-05 1.180e-04 -1.000 2.683e-04 11.126 11.558 12.493 10.603
0.00024632 -1.80000 10.07918 0.1400000006 1.4384526719    0.140 -2.359  3.5835  5.229    1  0.000  0.545     0.00     0.00     0.00     0.00     0.00 -1 -3.57e-16      0.00 7.405e-01 2.592e-01 4.823e-05 1.301e-05 1.180e-04 -1.000 2.683e-04 10.667 11.043 11.904 10.128
0.00024632 -1.80000 10.07918 0.1599999964 1.5372931554    0.160 -2.215  3.5932  5.182    1  0.000  0.545     0.00     0.00     0.00     0.00     0.00 -1 -4.91e-16      0.00 7.391e-01 2.606e-01 4.823e-05 1.301e-05 1.180e-04 -1.000 2.682e-04 10.307 10.651 11.466 9.761
0.00024632 -1.80000 10.07918 0.2000000179 1.6938791367    0.200 -1.994  3.6056  5.107    1  0.000  0.545     0.00     0.00     0.00     0.00     0.00 -1 -7.96e-16      0.00 7.382e-01 2.615e-01 4.823e-05 1.301e-05 1.180e-04 -1.000 2.682e-04 9.755 10.059 10.821 9.200
0.00024632 -1.80000 10.07918 0.2500000000 1.8403257998    0.250 -1.792  3.6166  5.047    1  0.000  0.545     0.00     0.00     0.00     0.00     0.00 -1 -9.84e-16      0.00 7.384e-01 2.613e-01 4.822e-05 1.301e-05 1.180e-04 -1.000 2.681e-04 9.251 9.519 10.238 8.689
0.00024632 -1.80000 10.07918 0.3000000417 1.9529140366    0.300 -1.638  3.6256  5.007    1  0.000  0.545     0.00     0.00     0.00     0.00     0.00 -1 -1.66e-15      0.00 7.385e-01 2.612e-01 4.821e-05 1.301e-05 1.180e-04 -1.000 2.682e-04 8.864 9.105 9.788 8.296
0.00024632 -1.80000 10.07918 0.3499999940 2.0434174644    0.350 -1.511  3.6337  4.980    1  0.000  0.544     0.00     0.00     0.00     0.00     0.00 -1 -2.12e-15      0.00 7.383e-01 2.614e-01 4.819e-05 1.301e-05 1.180e-04 -1.000 2.682e-04 8.548 8.764 9.418 7.975
0.00024632 -1.80000 10.07918 0.4000000060 2.1185024399    0.400 -1.380  3.6434  4.946    1  0.000  0.545     0.00     0.00     0.00     0.00     0.00 -1 -2.79e-15      0.00 7.503e-01 2.494e-01 4.823e-05 1.301e-05 1.180e-04 -1.000 2.682e-04 8.220 8.408 9.029 7.644
0.00024632 -1.80000 10.07918 0.4500000477 2.1822809714    0.450 -1.219  3.6597  4.901    1  0.000  0.545     0.00     0.00     0.00     0.00     0.00 -1 -4.01e-15      0.00 7.506e-01 2.491e-01 4.823e-05 1.301e-05 1.180e-04 -1.000 2.682e-04 7.818 7.961 8.529 7.236
0.00024632 -1.80000 10.07918 0.5000000000 2.2374541529    0.500 -1.039  3.6799  4.848    1  0.000  0.545     0.00     0.00     0.00     0.00     0.00 -1 -6.12e-15      0.00 7.506e-01 2.491e-01 4.823e-05 1.301e-05 1.180e-04 -1.000 2.682e-04 7.367 7.462 7.970 6.785
0.00024632 -1.80000 10.07918 0.5500000715 2.2836583126    0.550 -0.831  3.7016  4.767    1  0.000  0.544     0.00     0.00     0.00     0.00     0.00 -1 -1.03e-14      0.00 7.848e-01 2.151e-01 4.204e-05 1.135e-05 1.030e-04 -1.000 1.689e-04 6.847 6.902 7.354 6.273
0.00024632 -1.80000 10.07918 0.6000000238 2.3211213258    0.600 -0.621  3.7277  4.700    1  0.000  0.544     0.00     0.00     0.00     0.00     0.00 -1 -1.73e-14      0.00 7.968e-01 2.030e-01 3.998e-05 1.080e-05 9.805e-05 -1.000 2.031e-04 6.322 6.349 6.741 5.775
0.00024632 -1.80000 10.07918 0.6089506149 2.3270853696    0.609 -0.582  3.7331  4.688    1  0.000  0.543     0.00     0.00     0.00     0.00     0.00 -1 -1.91e-14      0.00 7.994e-01 2.004e-01 3.954e-05 1.068e-05 9.700e-05 -1.000 2.179e-04 6.224 6.247 6.627 5.684
0.00024632 -1.80000 10.07918 0.6199615002 2.3341512641    0.620 -0.533  3.7397  4.673    1  0.000  0.543     0.00     0.00     0.00     0.00     0.00 -1 -2.15e-14      0.00 8.028e-01 1.970e-01 3.898e-05 1.053e-05 9.565e-05 -1.000 2.313e-04 6.102 6.121 6.487 5.572
0.00024632 -1.80000 10.07918 0.6306081414 2.3407142734    0.630 -0.485  3.7460  4.659    1  0.000  0.543     0.00     0.00     0.00     0.00     0.00 -1 -2.42e-14      0.00 8.062e-01 1.936e-01 3.841e-05 1.038e-05 9.429e-05 -1.000 2.400e-04 5.983 6.001 6.354 5.465
0.00024632 -1.80000 10.07918 0.6404981613 2.3465866085    0.640 -0.440  3.7517  4.644    1  0.000  0.543     0.00     0.00     0.00     0.00     0.00 -1 -1.31e-16      0.00 8.095e-01 1.902e-01 3.786e-05 1.023e-05 9.296e-05 -1.000 2.311e-04 5.871 5.889 6.230 5.366
0.00024632 -1.80000 10.07918 0.6496865749 2.3518585155    0.649 -0.399  3.7570  4.629    1  0.000  0.543     0.00     0.00     0.00     0.00     0.00 -1  -2.4e-14      0.00 8.128e-01 1.870e-01 3.732e-05 1.009e-05 9.170e-05 -1.000 2.029e-04 5.766 5.785 6.115 5.273
0.00024632 -1.80000 10.07918 0.6499999762 2.3520353107    0.650 -0.397  3.7572  4.628    1  0.000  0.543     0.00     0.00     0.00     0.00     0.00 -1 -3.02e-14      0.00 8.129e-01 1.869e-01 3.731e-05 1.009e-05 9.165e-05 -1.000 2.301e-04 5.762 5.781 6.110 5.270
0.00024632 -1.80000 10.07918 0.6562289596 2.3555089441    0.656 -0.368  3.7606  4.617    1  0.000  0.543     0.00     0.00     0.00     0.00     0.00 -1 -3.25e-14      0.00 8.156e-01 1.841e-01 3.685e-05 9.967e-06 9.057e-05 -1.000 2.455e-04 5.691 5.709 6.032 5.206
0.00024632 -1.80000 10.07918 0.6682724953 2.3620143969    0.668 -0.312  3.7670  4.595    1  0.000  0.542     0.00     0.00     0.00     0.00     0.00 -1 -3.77e-14      0.00 8.213e-01 1.785e-01 3.593e-05 9.720e-06 8.836e-05 -1.000 2.367e-04 5.550 5.571 5.881 5.081
0.00024632 -1.80000 10.07918 0.6793373227 2.3677579787    0.679 -0.259  3.7728  4.572    1  0.000  0.542     0.00     0.00     0.00     0.00     0.00 -1 -3.35e-14      0.00 8.268e-01 1.730e-01 3.502e-05 9.478e-06 8.618e-05 -1.000 2.106e-04 5.417 5.440 5.739 4.963
0.00024632 -1.80000 10.07918 0.6898880601 2.3730378310    0.690 -0.206  3.7782  4.548    1  0.000  0.541     0.00     0.00     0.00     0.00     0.00 -1 -1.31e-14      0.00 8.325e-01 1.673e-01 3.409e-05 9.231e-06 8.397e-05 -1.000 1.623e-04 5.286 5.312 5.601 4.846
0.00024632 -1.80000 10.07918 0.6997186542 2.3777928756    0.699 -0.156  3.7832  4.523    1  0.000  0.541     0.00     0.00     0.00     0.00     0.00 -1 -4.69e-14      0.00 8.381e-01 1.617e-01 3.317e-05 8.987e-06 8.178e-05 -1.000 2.164e-04 5.160 5.188 5.468 4.733
0.00024632 -1.80000 10.07918 0.6999999881 2.3779266974    0.700 -0.154  3.7833  4.522    1  0.000  0.541     0.00     0.00     0.00     0.00     0.00 -1 -5.75e-14      0.00 8.382e-01 1.616e-01 3.315e-05 8.979e-06 8.171e-05 -1.000 2.188e-04 5.156 5.185 5.464 4.730
0.00024632 -1.80000 10.07918 0.7005033493 2.3781658225    0.700 -0.152  3.7835  4.521    1  0.000  0.541     0.00     0.00     0.00     0.00     0.00 -1 -5.79e-14      0.00 8.385e-01 1.613e-01 3.309e-05 8.966e-06 8.160e-05 -1.000 2.219e-04 5.150 5.178 5.457 4.724
0.00024632 -1.80000 10.07918 0.7101447582 2.3826708960    0.710 -0.100  3.7881  4.493    1  0.000  0.538     0.00     0.00     0.00     0.00     0.00 -1 -6.69e-14      0.00 8.441e-01 1.557e-01 3.210e-05 8.724e-06 7.946e-05 -1.000 2.066e-04 5.019 5.050 5.320 4.606
0.00024632 -1.80000 10.07918 0.7186081409 2.3865111556    0.718 -0.051  3.7921  4.466    1  0.000  0.537     0.00     0.00     0.00     0.00     0.00 -1 -7.67e-14      0.00 8.488e-01 1.510e-01 3.129e-05 8.528e-06 7.771e-05 -1.000 1.934e-04 4.898 4.931 5.194 4.496
0.00024632 -1.80000 10.07918 0.7269652486 2.3902024674    0.726 -0.001  3.7959  4.436    1  0.000  0.535     0.00     0.00     0.00     0.00     0.00 -1 -8.86e-14      0.00 8.531e-01 1.467e-01 3.056e-05 8.351e-06 7.617e-05 -1.000 1.544e-04 4.773 4.807 5.063 4.381
0.00024632 -1.80000 10.07918 0.7341433167 2.3932959654    0.734  0.045  3.7991  4.407    1  0.000  0.533     0.00     0.00     0.00     0.00     0.00 -1 -1.01e-13      0.00 8.564e-01 1.434e-01 3.001e-05 8.220e-06 7.502e-05 -1.000 1.525e-04 4.659 4.694 4.945 4.275
0.00024632 -1.80000 10.07918 0.7410976291 2.3962274006    0.741  0.091  3.8020  4.376    1  0.000  0.532     0.00     0.00     0.00     0.00     0.00 -1 -4.79e-14      0.00 8.593e-01 1.405e-01 2.953e-05 8.107e-06 7.404e-05 -1.000 1.851e-04 4.542 4.578 4.823 4.165
0.00024632 -1.80000 10.07918 0.7480527759 2.3990965839    0.747  0.141  3.8049  4.342    1  0.000  0.530     0.00     0.00     0.00     0.00     0.00 -1 -3.08e-14      0.00 8.619e-01 1.378e-01 2.911e-05 8.007e-06 7.317e-05 -1.000 2.202e-04 4.417 4.453 4.694 4.047
0.00024632 -1.80000 10.07918 0.7500000000 2.3998889087    0.749  0.156  3.8056  4.331    1  0.000  0.530     0.00     0.00     0.00     0.00     0.00 -1 -1.41e-13      0.00 8.626e-01 1.371e-01 2.900e-05 7.982e-06 7.295e-05 -1.000 2.227e-04 4.380 4.417 4.656 4.012
0.00024632 -1.80000 10.07918 0.7528932691 2.4010574790    0.752  0.178  3.8069  4.316    1  0.000  0.530     0.00     0.00     0.00     0.00     0.00 -1 -1.51e-13      0.00 8.630e-01 1.368e-01 2.898e-05 7.979e-06 7.294e-05 -1.000 2.181e-04 4.326 4.362 4.599 3.961
0.00024632 -1.80000 10.07918 0.7594545484 2.4036696326    0.759  0.231  3.8095  4.277    1  0.000  0.529     0.00     0.00     0.00     0.00     0.00 -1 -1.77e-13      0.00 8.638e-01 1.361e-01 2.896e-05 7.975e-06 7.294e-05 -1.000 1.454e-04 4.192 4.228 4.461 3.833
0.00024632 -1.80000 10.07918 0.7654583454 2.4060147773    0.765  0.284  3.8115  4.235    1  0.000  0.529     0.00     0.00     0.00     0.00     0.00 -1 -2.09e-13      0.00 8.644e-01 1.354e-01 2.895e-05 7.975e-06 7.297e-05 -1.000 1.493e-04 4.060 4.095 4.324 3.705
0.00024632 -1.80000 10.07918 0.7710510492 2.4081616031    0.770  0.337  3.8130  4.192    1  0.000  0.529     0.00     0.00     0.00     0.00     0.00 -1 -2.47e-13      0.00 8.637e-01 1.362e-01 2.914e-05 8.031e-06 7.348e-05 -1.000 1.539e-04 3.928 3.963 4.189 3.576
0.00024632 -1.80000 10.07918 0.7748826742 2.4096118638    0.774  0.375  3.8135  4.158    1  0.000  0.529     0.00     0.00     0.00     0.00     0.00 -1 -2.81e-13      0.00 8.629e-01 1.370e-01 2.933e-05 8.082e-06 7.395e-05 -1.000 1.570e-04 3.832 3.866 4.091 3.481
0.00024632 -1.80000 10.07918 0.7761428952 2.4100852572    0.775  0.389  3.8134  4.144    1  0.000  0.529     0.00     0.00     0.00     0.00     0.00 -1 -2.95e-13      0.00 8.626e-01 1.373e-01 2.939e-05 8.099e-06 7.411e-05 -1.000 1.575e-04 3.797 3.831 4.055 3.446
0.00024632 -1.80000 10.07918 0.7810258865 2.4119029395    0.780  0.447  3.8119  4.083    1  0.000  0.529     0.00     0.00     0.00     0.00     0.00 -1 -3.58e-13      0.00 8.615e-01 1.383e-01 2.963e-05 8.166e-06 7.472e-05 -1.000 1.597e-04 3.653 3.685 3.911 3.297
0.00024632 -1.80000 10.07918 0.7847223878 2.4132616663    0.783  0.497  3.8089  4.023    1  0.000  0.529     0.00     0.00     0.00     0.00     0.00 -1 -4.31e-13      0.00 8.607e-01 1.392e-01 2.981e-05 8.216e-06 7.518e-05 -1.000 1.614e-04 3.528 3.557 3.788 3.164
0.00024632 -1.80000 10.07918 0.7853511572 2.4134913205    0.784  0.506  3.8082  4.011    1  0.000  0.529     0.00     0.00     0.00     0.00     0.00 -1 -4.47e-13      0.00 8.605e-01 1.393e-01 2.985e-05 8.225e-06 7.526e-05 -1.000 1.617e-04 3.505 3.534 3.766 3.139
0.00024632 -1.80000 10.07918 0.7859976888 2.4137270215    0.785  0.517  3.8071  3.996    2  0.000  0.529     0.00     0.00     0.00     0.00     0.00 -1 -4.67e-13      0.00 8.604e-01 1.394e-01 2.988e-05 8.234e-06 7.534e-05 -1.000 1.619e-04 3.478 3.507 3.741 3.110
0.00024632 -1.80000 10.07918 0.7881716490 2.4145163050    0.787  0.555  3.8021  3.939    2  0.000  0.529     0.00     0.00     0.00     0.00     0.00 -1 -5.41e-13      0.00 8.599e-01 1.399e-01 2.998e-05 8.263e-06 7.561e-05 -1.000 1.630e-04 3.383 3.410 3.651 3.003
0.00024632 -1.80000 10.07918 0.7898350954 2.4151168669    0.788  0.589  3.7959  3.881    2  0.000  0.529     0.00     0.00     0.00     0.00     0.00 -1 -6.25e-13      0.00 8.594e-01 1.404e-01 3.011e-05 8.298e-06 7.594e-05 -1.000 1.637e-04 3.297 3.322 3.574 2.903
0.00024632 -1.80000 10.07918 0.7911378741 2.4155851878    0.790  0.620  3.7885  3.821    2  0.000  0.529     0.00     0.00     0.00     0.00     0.00 -1 -7.19e-13      0.00 8.584e-01 1.414e-01 3.039e-05 8.373e-06 7.662e-05 -1.000 1.715e-04 3.219 3.243 3.507 2.809
0.00024632 -1.80000 10.07918 0.7921881676 2.4159614562    0.791  0.648  3.7804  3.762    2  0.000  0.529     0.00     0.00     0.00     0.00     0.00 -1  -8.2e-13      0.00 8.519e-01 1.479e-01 3.196e-05 8.803e-06 8.050e-05 -1.000 1.766e-04 3.150 3.173 3.451 2.722
0.00024632 -1.80000 10.07918 0.7930693030 2.4162762397    0.791  0.674  3.7723  3.704    2  0.000  0.531     0.00     0.00     0.00     0.00     0.00 -1 -9.29e-13      0.00 8.345e-01 1.653e-01 3.500e-05 9.624e-06 8.788e-05 -1.000 1.847e-04 3.086 3.109 3.401 2.641
0.00024632 -1.80000 10.07918 0.7938466072 2.4165532628    0.792  0.699  3.7647  3.648    2  0.000  0.533     0.00     0.00     0.00     0.00     0.00 -1 -5.24e-13      0.00 8.081e-01 1.916e-01 3.881e-05 1.064e-05 9.700e-05 -1.000 2.159e-04 3.022 3.045 3.350 2.561
0.00024632 -1.80000 10.07918 0.7945361733 2.4167984952    0.793  0.728  3.7578  3.592    2  0.000  0.535     0.00     0.00     0.00     0.00     0.00 -1 -4.42e-13      0.00 7.906e-01 2.092e-01 4.136e-05 1.133e-05 1.031e-04 -1.000 1.992e-04 2.951 2.975 3.293 2.476
0.00024632 -1.80000 10.07918 0.7952190042 2.4170408504    0.793  0.765  3.7514  3.530    2  0.000  0.536     0.00     0.00     0.00     0.00     0.00 -1 -5.82e-13      0.00 7.800e-01 2.198e-01 4.294e-05 1.175e-05 1.069e-04 -1.000 2.443e-04 2.858 2.885 3.215 2.373
0.00024632 -1.80000 10.07918 0.7957579494 2.4172317989    0.794  0.802  3.7472  3.477    2  0.000  0.536     0.00     0.00     0.00     0.00     0.00 -1 -7.43e-13      0.00 7.747e-01 2.251e-01 4.373e-05 1.196e-05 1.087e-04 -1.000 2.554e-04 2.765 2.793 3.132 2.273
0.00024632 -1.80000 10.07918 0.7961263657 2.4173621580    0.794  0.831  3.7446  3.438    2  0.000  0.536     0.00     0.00     0.00     0.00     0.00 -1 -8.88e-13      0.00 7.719e-01 2.279e-01 4.414e-05 1.207e-05 1.097e-04 -1.000 2.455e-04 2.694 2.723 3.066 2.197
0.00024632 -1.80000 10.07918 0.7962946892 2.4174216708    0.794  0.845  3.7436  3.419    3  0.000  0.536     0.00     0.00     0.00     0.00     0.00 -1  -9.7e-13      0.00 7.709e-01 2.289e-01 4.428e-05 1.211e-05 1.101e-04 -1.000 1.814e-04 2.657 2.686 3.031 2.159
0.00024632 -1.80000 10.07918 0.7967463732 2.4175812261    0.795  0.887  3.7413  3.368    3  0.000  0.537     0.00     0.00     0.00     0.00     0.00 -1 -1.22e-12      0.00 7.684e-01 2.313e-01 4.462e-05 1.220e-05 1.109e-04 -1.000 2.662e-04 2.552 2.583 2.932 2.050
0.00024632 -1.80000 10.07918 0.7972405553 2.4177555556    0.795  0.937  3.7390  3.310    3  0.000  0.537     0.00     0.00     0.00     0.00     0.00 -1  -1.6e-12      0.00 7.661e-01 2.337e-01 4.491e-05 1.227e-05 1.116e-04 -1.000 2.567e-04 2.428 2.460 2.814 1.923
0.00024632 -1.80000 10.07918 0.7976602316 2.4179034071    0.796  0.982  3.7373  3.258    3  0.000  0.537     0.00     0.00     0.00     0.00     0.00 -1 -2.03e-12      0.00 7.642e-01 2.355e-01 4.510e-05 1.233e-05 1.120e-04 -1.000 2.563e-04 2.315 2.349 2.706 1.808
0.00024632 -1.80000 10.07918 0.7980613708 2.4180445609    0.796  1.028  3.7356  3.205    3  0.000  0.537     0.00     0.00     0.00     0.00     0.00 -1 -2.58e-12      0.00 7.627e-01 2.371e-01 4.527e-05 1.237e-05 1.124e-04 -1.000 2.681e-04 2.200 2.235 2.595 1.691
0.00024632 -1.80000 10.07918 0.7984689474 2.4181878128    0.796  1.078  3.7340  3.149    3  0.000  0.537     0.00     0.00     0.00     0.00     0.00 -1 -3.34e-12      0.00 7.609e-01 2.388e-01 4.541e-05 1.242e-05 1.128e-04 -1.000 2.681e-04 2.074 2.111 2.474 1.564
0.00024632 -1.80000 10.07918 0.7988436222 2.4183193524    0.797  1.128  3.7325  3.093    3  0.000  0.537     0.00     0.00     0.00     0.00     0.00 -1 -4.28e-12      0.00 7.594e-01 2.403e-01 4.551e-05 1.245e-05 1.131e-04 -1.000 2.664e-04 1.950 1.988 2.354 1.438
0.00024632 -1.80000 10.07918 0.7991800308 2.4184373368    0.797  1.177  3.7310  3.038    3  0.000  0.536     0.00     0.00     0.00     0.00     0.00 -1 -5.42e-12      0.00 7.581e-01 2.417e-01 4.557e-05 1.248e-05 1.133e-04 -1.000 2.587e-04 1.828 1.868 2.236 1.315
0.00024632 -1.80000 10.07918 0.7994741797 2.4185404064    0.797  1.223  3.7295  2.987    3  0.000  0.536     0.00     0.00     0.00     0.00     0.00 -1 -6.76e-12      0.00 7.569e-01 2.428e-01 4.559e-05 1.251e-05 1.135e-04 -1.000 2.539e-04 1.713 1.754 2.125 1.199
0.00024632 -1.80000 10.07918 0.7997608781 2.4186407814    0.797  1.272  3.7280  2.932    3  0.000  0.535     0.00     0.00     0.00     0.00     0.00 -1 -8.51e-12      0.00 7.557e-01 2.440e-01 4.557e-05 1.255e-05 1.136e-04 -1.000 2.676e-04 1.591 1.633 2.007 1.075
0.00024632 -1.80000 10.07918 0.8000000119 2.4187244405    0.797  1.316  3.7267  2.882    3  0.000  0.534     0.00     0.00     0.00     0.00     0.00 -1 -1.04e-11      0.00 7.549e-01 2.448e-01 4.552e-05 1.260e-05 1.137e-04 -1.000 2.606e-04 1.479 1.523 1.899 0.962
0.00024632 -1.80000 10.07918 0.8000360131 2.4187370302    0.797  1.323  3.7265  2.875    3  0.000  0.534     0.00     0.00     0.00     0.00     0.00 -1 -1.07e-11      0.00 7.548e-01 2.449e-01 4.551e-05 1.261e-05 1.138e-04 -1.000 2.595e-04 1.462 1.506 1.883 0.946
0.00024632 -1.80000 10.07918 0.8002675176 2.4188179571    0.797  1.370  3.7250  2.822    3  0.000  0.533     0.00     0.00     0.00     0.00     0.00 -1 -1.27e-11      0.00 7.540e-01 2.458e-01 4.543e-05 1.268e-05 1.138e-04 -1.000 2.524e-04 1.345 1.390 1.770 0.827
0.00024632 -1.80000 10.07918 0.8004786372 2.4188917111    0.797  1.417  3.7235  2.769    3  0.000  0.531     0.00     0.00     0.00     0.00     0.00 -1  -1.5e-11      0.00 7.533e-01 2.464e-01 4.534e-05 1.275e-05 1.139e-04 -1.000 2.682e-04 1.229 1.275 1.658 0.709
0.00024632 -1.80000 10.07918 0.8006771803 2.4189610307    0.797  1.465  3.7220  2.715    3  0.000  0.530     0.00     0.00     0.00     0.00     0.00 -1 -1.78e-11      0.00 7.528e-01 2.469e-01 4.524e-05 1.284e-05 1.140e-04 -1.000 2.681e-04 1.109 1.157 1.542 0.588
0.00024632 -1.80000 10.07918 0.8008527160 2.4190222846    0.797  1.511  3.7203  2.662    3  0.000  0.529     0.00     0.00     0.00     0.00     0.00 -1 -2.11e-11      0.00 7.524e-01 2.473e-01 4.516e-05 1.292e-05 1.140e-04 -1.000 2.680e-04 0.993 1.043 1.431 0.470
0.00024632 -1.80000 10.07918 0.8010196090 2.4190804939    0.797  1.559  3.7187  2.607    3  0.000  0.528     0.00     0.00     0.00     0.00     0.00 -1 -2.51e-11      0.00 7.521e-01 2.476e-01 4.509e-05 1.298e-05 1.140e-04 -1.000 2.681e-04 0.872 0.924 1.316 0.348
0.00024632 -1.80000 10.07918 0.8011667132 2.4191317782    0.797  1.606  3.7171  2.554    3  0.000  0.528     0.00     0.00     0.00     0.00     0.00 -1 -2.97e-11      0.00 7.520e-01 2.478e-01 4.506e-05 1.302e-05 1.141e-04 -1.000 2.682e-04 0.755 0.809 1.204 0.231
0.00024632 -1.80000 10.07918 0.8012976646 2.4191774129    0.797  1.651  3.7154  2.502    3  0.000  0.527     0.00     0.00     0.00     0.00     0.00 -1  -3.5e-11      0.00 7.519e-01 2.479e-01 4.503e-05 1.304e-05 1.141e-04 -1.000 2.681e-04 0.642 0.699 1.097 0.117
0.00024632 -1.80000 10.07918 0.8014224172 2.4192208715    0.797  1.698  3.7137  2.448    3  0.000  0.527     0.00     0.00     0.00     0.00     0.00 -1 -4.15e-11      0.00 7.519e-01 2.479e-01 4.502e-05 1.306e-05 1.141e-04 -1.000 2.682e-04 0.525 0.583 0.985 -0.003
0.00024632 -1.80000 10.07918 0.8015353084 2.4192601846    0.797  1.744  3.7120  2.395    3  0.000  0.527     0.00     0.00     0.00     0.00     0.00 -1 -4.91e-11      0.00 7.518e-01 2.479e-01 4.502e-05 1.306e-05 1.141e-04 -1.000 2.682e-04 0.409 0.468 0.875 -0.121
0.00024632 -1.80000 10.07918 0.8016347289 2.4192947963    0.797  1.789  3.7103  2.344    3  0.000  0.527     0.00     0.00     0.00     0.00     0.00 -1 -5.77e-11      0.00 7.518e-01 2.479e-01 4.502e-05 1.306e-05 1.141e-04 -1.000 2.682e-04 0.298 0.359 0.769 -0.234
0.00024632 -1.80000 10.07918 0.8017261028 2.4193265979    0.797  1.833  3.7086  2.292    3  0.000  0.527     0.00     0.00     0.00     0.00     0.00 -1 -6.78e-11      0.00 7.518e-01 2.479e-01 4.501e-05 1.307e-05 1.141e-04 -1.000 2.682e-04 0.187 0.250 0.665 -0.346
0.00024632 -1.80000 10.07918 0.8018144369 2.4193573336    0.796  1.880  3.7068  2.239    3  0.000  0.527     0.00     0.00     0.00     0.00     0.00 -1 -8.02e-11      0.00 7.518e-01 2.479e-01 4.501e-05 1.307e-05 1.141e-04 -1.000 2.681e-04 0.071 0.137 0.555 -0.463
0.00024632 -1.80000 10.07918 0.8018918037 2.4193842468    0.796  1.924  3.7050  2.187    3  0.000  0.527     0.00     0.00     0.00     0.00     0.00 -1 -9.43e-11      0.00 7.518e-01 2.479e-01 4.501e-05 1.307e-05 1.141e-04 -1.000 2.681e-04 -0.039 0.029 0.452 -0.575
0.00024632 -1.80000 10.07918 0.8019629717 2.4194089984    0.796  1.967  3.7032  2.136    3  0.000  0.527     0.00     0.00     0.00     0.00     0.00 -1 -1.11e-10      0.00 7.518e-01 2.479e-01 4.501e-05 1.307e-05 1.141e-04 -1.000 2.682e-04 -0.149 -0.078 0.349 -0.686
0.00024632 -1.80000 10.07918 0.8020303249 2.4194324187    0.795  2.012  3.7014  2.084    3  0.000  0.527     0.00     0.00     0.00     0.00     0.00 -1  -1.3e-10      0.00 7.518e-01 2.479e-01 4.501e-05 1.308e-05 1.141e-04 -1.000 2.682e-04 -0.261 -0.187 0.244 -0.800
0.00024632 -1.80000 10.07918 0.8020896316 2.4194530372    0.795  2.054  3.6996  2.035    3  0.000  0.527     0.00     0.00     0.00     0.00     0.00 -1 -1.52e-10      0.00 7.518e-01 2.479e-01 4.501e-05 1.308e-05 1.141e-04 -1.000 2.681e-04 -0.365 -0.289 0.147 -0.905
0.00024632 -1.80000 10.07918 0.8021467328 2.4194728857    0.795  2.096  3.6978  1.985    3  0.000  0.527     0.00     0.00     0.00     0.00     0.00 -1 -1.77e-10      0.00 7.518e-01 2.479e-01 4.500e-05 1.308e-05 1.141e-04 -1.000 2.682e-04 -0.470 -0.391 0.050 -1.011
0.00024632 -1.80000 10.07918 0.8022059798 2.4194934766    0.794  2.138  3.6960  1.936    3  0.000  0.527     0.00     0.00     0.00     0.00     0.00 -1 -2.07e-10      0.00 7.518e-01 2.479e-01 4.500e-05 1.308e-05 1.141e-04 -1.000 2.681e-04 -0.576 -0.493 -0.048 -1.118
0.00024632 -1.80000 10.07918 0.8022589684 2.4195118894    0.794  2.162  3.6950  1.908    3  0.000  0.527     0.00     0.00     0.00     0.00     0.00 -1 -2.27e-10      0.00 7.518e-01 2.479e-01 4.500e-05 1.308e-05 1.141e-04 -1.000 2.681e-04 -0.635 -0.551 -0.103 -1.178
0.00024632 -1.80000 10.07918 0.8022911549 2.4195230725    0.793  2.152  3.6957  1.920    3  0.000  0.527     0.00     0.00     0.00     0.00     0.00 -1  -2.2e-10      0.00 7.518e-01 2.480e-01 4.500e-05 1.308e-05 1.141e-04 -1.000 2.682e-04 -0.611 -0.528 -0.082 -1.154
0.00024632 -1.80000 10.07918 0.8022954464 2.4195245635    0.793  2.151  3.6958  1.922    3  0.000  0.527     0.00     0.00     0.00     0.00     0.00 -1 -2.19e-10      0.00 7.518e-01 2.480e-01 4.500e-05 1.309e-05 1.141e-04 -1.000 2.682e-04 -0.608 -0.525 -0.079 -1.150
0.00024632 -1.80000 10.07918 0.8023213148 2.4195335505    0.793  2.177  3.6946  1.890    3  0.000  0.527     0.00     0.00     0.00     0.00     0.00 -1  -2.4e-10      0.00 7.518e-01 2.480e-01 4.500e-05 1.309e-05 1.141e-04 -1.000 2.681e-04 -0.673 -0.588 -0.139 -1.217
0.00024632 -1.80000 10.07918 0.8023605943 2.4195471953    0.792  2.219  3.6927  1.841    3  0.000  0.527     0.00     0.00     0.00     0.00     0.00 -1 -2.78e-10      0.00 7.518e-01 2.480e-01 4.500e-05 1.309e-05 1.141e-04 -1.000 2.681e-04 -0.777 -0.690 -0.235 -1.322
0.00024632 -1.80000 10.07918 0.8023971319 2.4195598864    0.792  2.260  3.6908  1.792    3  0.000  0.527     0.00     0.00     0.00     0.00     0.00 -1 -3.24e-10      0.00 7.518e-01 2.480e-01 4.500e-05 1.309e-05 1.141e-04 -1.000 2.681e-04 -0.880 -0.789 -0.329 -1.426
0.00024632 -1.80000 10.07918 0.8024308681 2.4195716032    0.791  2.301  3.6889  1.743    3  0.000  0.527     0.00     0.00     0.00     0.00     0.00 -1 -3.76e-10      0.00 7.518e-01 2.480e-01 4.500e-05 1.309e-05 1.141e-04 -1.000 2.681e-04 -0.982 -0.887 -0.421 -1.529
0.00024632 -1.80000 10.07918 0.8024605513 2.4195819114    0.791  2.339  3.6870  1.697    3  0.000  0.527     0.00     0.00     0.00     0.00     0.00 -1 -4.33e-10      0.00 7.518e-01 2.480e-01 4.500e-05 1.309e-05 1.141e-04 -1.000 2.682e-04 -1.077 -0.978 -0.507 -1.624
0.00024632 -1.80000 10.07918 0.8024893403 2.4195919083    0.790  2.378  3.6852  1.650    3  0.000  0.527     0.00     0.00     0.00     0.00     0.00 -1 -5.01e-10      0.00 7.518e-01 2.480e-01 4.500e-05 1.309e-05 1.141e-04 -1.000 2.682e-04 -1.176 -1.073 -0.597 -1.724
0.00024632 -1.80000 10.07918 0.8025147319 2.4196007247    0.789  2.416  3.6832  1.604    3  0.000  0.527     0.00     0.00     0.00     0.00     0.00 -1 -5.76e-10      0.00 7.518e-01 2.480e-01 4.500e-05 1.309e-05 1.141e-04 -1.000 2.682e-04 -1.269 -1.163 -0.679 -1.819
0.00024632 -1.80000 10.07918 0.8025394082 2.4196092922    0.789  2.454  3.6814  1.558    3  0.000  0.527     0.00     0.00     0.00     0.00     0.00 -1 -6.64e-10      0.00 7.518e-01 2.480e-01 4.500e-05 1.309e-05 1.141e-04 -1.000 2.682e-04 -1.366 -1.256 -0.766 -1.918
0.00024632 -1.80000 10.07918 0.8025612235 2.4196168659    0.788  2.491  3.6795  1.513    3  0.000  0.527     0.00     0.00     0.00     0.00     0.00 -1 -7.61e-10      0.00 7.518e-01 2.480e-01 4.499e-05 1.309e-05 1.141e-04 -1.000 2.682e-04 -1.458 -1.344 -0.846 -2.012
0.00024632 -1.80000 10.07918 0.8025867343 2.4196257219    0.787  2.537  3.6771  1.457    3  0.000  0.527     7.29     5.74     4.07     3.15     2.55  3 -9.02e-10      0.00 7.518e-01 2.480e-01 4.499e-05 1.309e-05 1.141e-04 -1.000 2.681e-04 -1.572 -1.453 -0.945 -2.129
0.00024632 -1.80000 10.07918 0.8026093245 2.4196335634    0.786  2.581  3.6748  1.404    3  0.000  0.527     8.17     6.32     4.46     3.46     2.80  3 -1.06e-09      0.00 7.518e-01 2.480e-01 4.499e-05 1.310e-05 1.141e-04 -1.000 2.682e-04 -1.682 -1.557 -1.039 -2.241
0.00024632 -1.80000 10.07918 0.8026270866 2.4196397288    0.785  2.618  3.6728  1.358    3  0.000  0.527     9.00     6.87     4.83     3.75     3.03  3 -1.22e-09      0.00 7.518e-01 2.480e-01 4.499e-05 1.310e-05 1.141e-04 -1.000 2.681e-04 -1.775 -1.644 -1.115 -2.336
0.00024632 -1.80000 10.07918 0.8026460409 2.4196463075    0.783  2.660  3.6705  1.306    3  0.000  0.527    10.03     7.54     5.28     4.10     3.32  3 -1.43e-09      0.00 7.518e-01 2.480e-01 4.499e-05 1.310e-05 1.141e-04 -1.000 2.682e-04 -1.879 -1.743 -1.203 -2.444
0.00024632 -1.80000 10.07918 0.8026611209 2.4196515413    0.782  2.696  3.6685  1.261    3  0.000  0.527    11.03     8.17     5.70     4.43     3.59  3 -1.63e-09      0.00 7.518e-01 2.480e-01 4.499e-05 1.310e-05 1.141e-04 -1.000 2.682e-04 -1.970 -1.827 -1.276 -2.536
0.00024632 -1.80000 10.07918 0.8026770949 2.4196570851    0.781  2.736  3.6662  1.211    3  0.000  0.527    12.27     8.95     6.21     4.84     3.92  3  -1.9e-09      0.00 7.518e-01 2.480e-01 4.499e-05 1.310e-05 1.141e-04 -1.000 2.682e-04 -2.070 -1.920 -1.355 -2.638
0.00024632 -1.80000 10.07918 0.8026923537 2.4196623805    0.779  2.778  3.6638  1.159    3  0.000  0.527    13.68     9.82     6.79     5.30     4.29  2 -2.22e-09      0.00 7.517e-01 2.480e-01 4.499e-05 1.310e-05 1.141e-04 -1.000 2.682e-04 -2.174 -2.015 -1.437 -2.744
0.00024632 -1.80000 10.07918 0.8027066588 2.4196673447    0.777  2.819  3.6613  1.107    3  0.000  0.527    15.28    10.79     7.43     5.80     4.70  2  -2.6e-09      0.00 7.517e-01 2.480e-01 4.499e-05 1.310e-05 1.141e-04 -1.000 2.681e-04 -2.278 -2.109 -1.515 -2.849
0.00024632 -1.80000 10.07918 0.8027190566 2.4196716468    0.776  2.857  3.6591  1.059    3  0.000  0.527    16.91    11.76     8.07     6.31     5.11  2 -3.01e-09      0.00 7.517e-01 2.480e-01 4.499e-05 1.310e-05 1.141e-04 -1.000 2.682e-04 -2.374 -2.196 -1.587 -2.946
0.00024632 -1.80000 10.07918 0.8027311563 2.4196758454    0.774  2.897  3.6566  1.008    3  0.000  0.527    18.84    12.89     8.81     6.90     5.59  2  -3.5e-09      0.00 7.517e-01 2.480e-01 4.499e-05 1.310e-05 1.141e-04 -1.000 2.682e-04 -2.474 -2.284 -1.661 -3.045
0.00024632 -1.80000 10.07918 0.8027417064 2.4196795061    0.772  2.935  3.6545  0.960    3  0.000  0.527    20.81    14.03     9.55     7.49     6.07  2 -4.03e-09      0.00 7.517e-01 2.480e-01 4.499e-05 1.310e-05 1.141e-04 -1.000 2.682e-04 -2.567 -2.367 -1.730 -3.136
0.00024632 -1.80000 10.07918 0.8027518988 2.4196830426    0.769  2.973  3.6520  0.911    3  0.000  0.527    23.08    15.33    10.39     8.16     6.62  2 -4.67e-09      0.00 7.517e-01 2.480e-01 4.499e-05 1.310e-05 1.141e-04 -1.000 2.681e-04 -2.663 -2.450 -1.799 -3.229
0.00024632 -1.80000 10.07918 0.8027614355 2.4196863516    0.767  3.011  3.6497  0.862    3  0.000  0.527    25.58    16.73    11.29     8.88     7.20  1  -5.4e-09      0.00 7.517e-01 2.480e-01 4.499e-05 1.310e-05 1.141e-04 -1.000 2.681e-04 -2.758 -2.533 -1.867 -3.322
0.00024632 -1.80000 10.07918 0.8027697802 2.4196892468    0.764  3.046  3.6475  0.817    3  0.000  0.527    28.15    18.14    12.20     9.61     7.79  1 -6.18e-09      0.00 7.517e-01 2.480e-01 4.499e-05 1.310e-05 1.141e-04 -1.000 2.681e-04 -2.846 -2.609 -1.930 -3.406
0.00024632 -1.80000 10.07918 0.8027778864 2.4196920592    0.762  3.082  3.6451  0.770    3  0.000  0.527    31.07    19.73    13.22    10.43     8.46  1 -7.09e-09      0.00 7.517e-01 2.480e-01 4.499e-05 1.310e-05 1.141e-04 -1.000 2.681e-04 -2.935 -2.685 -1.992 -3.492
0.00024632 -1.80000 10.07918 0.8027854562 2.4196946855    0.759  3.118  3.6429  0.724    3  0.000  0.527    34.24    21.43    14.30    11.29     9.16  1 -8.13e-09      0.00 7.517e-01 2.480e-01 4.499e-05 1.310e-05 1.141e-04 -1.000 2.682e-04 -3.024 -2.762 -2.056 -3.577
0.00024632 -1.80000 10.07918 0.8027923703 2.4196970843    0.756  3.152  3.6406  0.679    3  0.000  0.527    37.63    23.21    15.43    12.21     9.90  1 -9.29e-09      0.00 7.517e-01 2.480e-01 4.499e-05 1.310e-05 1.141e-04 -1.000 2.682e-04 -3.109 -2.834 -2.114 -3.659
0.00024632 -1.80000 10.07918 0.8027992249 2.4196994623    0.752  3.187  3.6383  0.632    3  0.000  0.527    41.54    25.24    16.71    13.24    10.74  1 -1.07e-08      0.00 7.517e-01 2.480e-01 4.499e-05 1.310e-05 1.141e-04 -1.000 2.682e-04 -3.198 -2.908 -2.173 -3.742
0.00024632 -1.80000 10.07918 0.8028053641 2.4197015921    0.748  3.220  3.6362  0.588    3  0.000  0.527    45.54    27.28    18.00    14.28    11.59  1 -1.21e-08      0.00 7.517e-01 2.480e-01 4.499e-05 1.310e-05 1.141e-04 -1.000 2.682e-04 -3.281 -2.978 -2.228 -3.820
0.00024632 -1.80000 10.07918 0.8028112650 2.4197036392    0.744  3.253  3.6340  0.544    3  0.000  0.527    49.97    29.51    19.40    15.41    12.51  1 -1.38e-08      0.00 7.517e-01 2.480e-01 4.499e-05 1.310e-05 1.141e-04 -1.000 2.682e-04 -3.364 -3.046 -2.281 -3.897
0.00024632 -1.80000 10.07918 0.8028162122 2.4197053554    0.741  3.279  3.6323  0.509    3  0.000  0.527    53.77    31.39    20.58    16.36    13.28  1 -1.54e-08      0.00 7.517e-01 2.480e-01 4.499e-05 1.310e-05 1.141e-04 -1.000 2.682e-04 -3.429 -3.100 -2.324 -3.958
0.00024632 -1.80000 10.07918 0.8028162122 2.4197053554    0.741  1.691  3.8505  2.971    4  0.000  0.529     0.00     0.00     0.00     0.00     0.00 -1    -1e-30      0.00 7.513e-01 2.484e-01 4.560e-05 1.308e-05 1.151e-04 -1.000 2.682e-04 0.543 0.514 0.663 0.242
0.00024632 -1.80000 10.07918 0.8028194904 2.4197064927    0.741  1.696  3.8480  2.955    4  0.000  0.529     0.00     0.00     0.00     0.00     0.00 -1    -1e-30      0.00 7.513e-01 2.484e-01 4.560e-05 1.308e-05 1.151e-04 -1.000 2.683e-04 0.529 0.500 0.653 0.222
0.00024632 -1.80000 10.07918 0.8028743267 2.4197255141    0.741  1.713  3.8409  2.911    4  0.000  0.529     0.00     0.00     0.00     0.00     0.00 -1    -1e-30      0.00 7.513e-01 2.484e-01 4.560e-05 1.308e-05 1.151e-04 -1.000 2.683e-04 0.488 0.459 0.623 0.165
0.00024632 -1.80000 10.07918 0.8029298186 2.4197447599    0.741  1.714  3.8416  2.912    4  0.000  0.529     0.00     0.00     0.00     0.00     0.00 -1    -1e-30      0.00 7.513e-01 2.484e-01 4.560e-05 1.308e-05 1.151e-04 -1.000 2.682e-04 0.486 0.457 0.620 0.164
0.00024632 -1.80000 10.07918 0.8029865026 2.4197644159    0.741  1.714  3.8427  2.916    4  0.000  0.529     0.00     0.00     0.00     0.00     0.00 -1    -1e-30      0.00 7.513e-01 2.484e-01 4.560e-05 1.308e-05 1.151e-04 -1.000 2.681e-04 0.485 0.456 0.617 0.166
0.00024632 -1.80000 10.07918 0.8030427098 2.4197839035    0.741  1.714  3.8439  2.921    4  0.000  0.529     0.00     0.00     0.00     0.00     0.00 -1    -1e-30      0.00 7.513e-01 2.484e-01 4.560e-05 1.308e-05 1.151e-04 -1.000 2.682e-04 0.485 0.456 0.615 0.169
0.00024632 -1.80000 10.07918 0.8030955195 2.4198022103    0.741  1.714  3.8451  2.927    4  0.000  0.529     0.00     0.00     0.00     0.00     0.00 -1    -1e-30      0.00 7.513e-01 2.484e-01 4.560e-05 1.308e-05 1.151e-04 -1.000 2.681e-04 0.486 0.457 0.614 0.172
0.00024632 -1.80000 10.07918 0.8031474352 2.4198202044    0.741  1.713  3.8464  2.932    4  0.000  0.529     0.00     0.00     0.00     0.00     0.00 -1    -1e-30      0.00 7.513e-01 2.484e-01 4.560e-05 1.308e-05 1.151e-04 -1.000 2.682e-04 0.487 0.457 0.613 0.176
0.00024632 -1.80000 10.07918 0.8031999469 2.4198384024    0.741  1.713  3.8476  2.937    4  0.000  0.529     0.00     0.00     0.00     0.00     0.00 -1    -1e-30      0.00 7.513e-01 2.484e-01 4.560e-05 1.308e-05 1.151e-04 -1.000 2.681e-04 0.488 0.458 0.611 0.180
0.00024632 -1.80000 10.07918 0.8032549024 2.4198574444    0.741  1.713  3.8488  2.942    4  0.000  0.529     0.00     0.00     0.00     0.00     0.00 -1    -1e-30      0.00 7.513e-01 2.484e-01 4.560e-05 1.308e-05 1.151e-04 -1.000 2.683e-04 0.489 0.459 0.610 0.184
0.00024632 -1.80000 10.07918 0.8033090830 2.4198762150    0.741  1.712  3.8497  2.946    4  0.000  0.529     0.00     0.00     0.00     0.00     0.00 -1    -1e-30      0.00 7.513e-01 2.484e-01 4.560e-05 1.308e-05 1.151e-04 -1.000 2.683e-04 0.489 0.460 0.609 0.186
0.00024632 -1.80000 10.07918 0.8033648133 2.4198955194    0.741  1.712  3.8503  2.949    4  0.000  0.529     0.00     0.00     0.00     0.00     0.00 -1    -1e-30      0.00 7.513e-01 2.484e-01 4.560e-05 1.308e-05 1.151e-04 -1.000 2.683e-04 0.489 0.460 0.609 0.188
0.00024632 -1.80000 10.07918 0.8034201264 2.4199146762    0.741  1.713  3.8505  2.949    4  0.000  0.529     0.00     0.00     0.00     0.00     0.00 -1    -1e-30      0.00 7.513e-01 2.484e-01 4.560e-05 1.308e-05 1.151e-04 -1.000 2.681e-04 0.488 0.459 0.608 0.188
0.00024632 -1.80000 10.07918 0.8034747839 2.4199336030    0.741  1.713  3.8502  2.948    4  0.000  0.529     0.00     0.00     0.00     0.00     0.00 -1    -1e-30      0.00 7.513e-01 2.484e-01 4.560e-05 1.308e-05 1.151e-04 -1.000 2.681e-04 0.487 0.458 0.607 0.186
0.00024632 -1.80000 10.07918 0.8035277128 2.4199519284    0.741  1.714  3.8495  2.944    4  0.000  0.529     0.00     0.00     0.00     0.00     0.00 -1    -1e-30      0.00 7.513e-01 2.484e-01 4.560e-05 1.308e-05 1.151e-04 -1.000 2.681e-04 0.486 0.456 0.606 0.183
0.00024632 -1.80000 10.07918 0.8035508394 2.4199599346    0.741  1.714  3.8491  2.942    4  0.000  0.529     0.00     0.00     0.00     0.00     0.00 -1    -1e-30      0.00 7.513e-01 2.484e-01 4.560e-05 1.308e-05 1.151e-04 -1.000 2.682e-04 0.485 0.455 0.606 0.181
0.00024632 -1.80000 10.07918 0.8035629392 2.4199641232    0.741  1.714  3.8487  2.941    4  0.000  0.529     0.00     0.00     0.00     0.00     0.00 -1    -1e-30      0.00 7.513e-01 2.484e-01 4.560e-05 1.308e-05 1.151e-04 -1.000 2.683e-04 0.484 0.454 0.606 0.179
0.00024632 -1.80000 10.07918 0.8036161065 2.4199825265    0.741  1.716  3.8470  2.932    4  0.000  0.529     0.00     0.00     0.00     0.00     0.00 -1    -1e-30      0.00 7.513e-01 2.484e-01 4.560e-05 1.308e-05 1.151e-04 -1.000 2.681e-04 0.481 0.451 0.605 0.172
0.00024632 -1.80000 10.07918 0.8036698699 2.4200011333    0.741  1.717  3.8446  2.921    4  0.000  0.529     0.00     0.00     0.00     0.00     0.00 -1    -1e-30      0.00 7.513e-01 2.484e-01 4.560e-05 1.308e-05 1.151e-04 -1.000 2.683e-04 0.476 0.447 0.605 0.162
0.00024632 -1.80000 10.07918 0.8037227988 2.4200194484    0.742  1.719  3.8417  2.907    4  0.000  0.529     0.00     0.00     0.00     0.00     0.00 -1    -1e-30      0.00 7.513e-01 2.484e-01 4.560e-05 1.308e-05 1.151e-04 -1.000 2.682e-04 0.471 0.442 0.605 0.150
0.00024632 -1.80000 10.07918 0.8037748933 2.4200374722    0.742  1.722  3.8382  2.891    4  0.000  0.529     0.00     0.00     0.00     0.00     0.00 -1    -1e-30      0.00 7.513e-01 2.484e-01 4.560e-05 1.308e-05 1.151e-04 -1.000 2.683e-04 0.465 0.436 0.604 0.136
0.00024632 -1.80000 10.07918 0.8038268089 2.4200554313    0.742  1.725  3.8341  2.872    4  0.000  0.529     0.00     0.00     0.00     0.00     0.00 -1    -1e-30      0.00 7.513e-01 2.484e-01 4.560e-05 1.308e-05 1.151e-04 -1.000 2.683e-04 0.458 0.430 0.604 0.119
0.00024632 -1.80000 10.07918 0.8038783073 2.4200732436    0.742  1.728  3.8294  2.850    4  0.000  0.529     0.00     0.00     0.00     0.00     0.00 -1    -1e-30      0.00 7.513e-01 2.484e-01 4.560e-05 1.308e-05 1.151e-04 -1.000 2.683e-04 0.450 0.423 0.605 0.100
0.00024632 -1.80000 10.07918 0.8039299250 2.4200910944    0.742  1.731  3.8242  2.826    4  0.000  0.529     0.00     0.00     0.00     0.00     0.00 -1    -1e-30      0.00 7.513e-01 2.484e-01 4.560e-05 1.308e-05 1.151e-04 -1.000 2.682e-04 0.441 0.415 0.605 0.080
0.00024632 -1.80000 10.07918 0.8039348125 2.4200927845    0.742  1.732  3.8237  2.823    4  0.000  0.529     0.00     0.00     0.00     0.00     0.00 -1    -1e-30      0.00 7.513e-01 2.484e-01 4.560e-05 1.308e-05 1.151e-04 -1.000 2.682e-04 0.441 0.414 0.606 0.079
0.00024632 -1.80000 10.07918 0.8039438725 2.4200959173    0.742  1.732  3.8227  2.819    4  0.000  0.529     0.00     0.00     0.00     0.00     0.00 -1    -1e-30      0.00 7.513e-01 2.484e-01 4.560e-05 1.308e-05 1.151e-04 -1.000 2.682e-04 0.439 0.413 0.606 0.075
0.00024632 -1.80000 10.07918 0.8039975762 2.4201144861    0.742  1.737  3.8167  2.790    4  0.000  0.529     0.00     0.00     0.00     0.00     0.00 -1    -1e-30      0.00 7.513e-01 2.484e-01 4.560e-05 1.308e-05 1.151e-04 -1.000 2.682e-04 0.428 0.404 0.607 0.052
0.00024632 -1.80000 10.07918 0.8040499687 2.4201325986    0.742  1.741  3.8108  2.762    4  0.000  0.529     0.00     0.00     0.00     0.00     0.00 -1    -1e-30      0.00 7.513e-01 2.484e-01 4.560e-05 1.308e-05 1.151e-04 -1.000 2.682e-04 0.418 0.395 0.608 0.029
0.00024632 -1.80000 10.07918 0.8041059375 2.4201519446    0.742  1.746  3.8040  2.730    4  0.000  0.529     0.00     0.00     0.00     0.00     0.00 -1    -1e-30      0.00 7.513e-01 2.484e-01 4.560e-05 1.308e-05 1.151e-04 -1.000 2.682e-04 0.405 0.386 0.610 0.003
0.00024632 -1.80000 10.07918 0.8041592836 2.4201703811    0.742  1.752  3.7975  2.699    4  0.000  0.529     0.00     0.00     0.00     0.00     0.00 -1    -1e-30      0.00 7.513e-01 2.484e-01 4.560e-05 1.308e-05 1.151e-04 -1.000 2.683e-04 0.391 0.375 0.612 -0.022
0.00024632 -1.80000 10.07918 0.8042103648 2.4201880322    0.742  1.757  3.7919  2.671    4  0.000  0.529     0.00     0.00     0.00     0.00     0.00 -1    -1e-30      0.00 7.513e-01 2.484e-01 4.560e-05 1.308e-05 1.151e-04 -1.000 2.682e-04 0.378 0.365 0.611 -0.045
0.00024632 -1.80000 10.07918 0.8042629957 2.4202062162    0.742  1.763  3.7861  2.642    4  0.000  0.529     0.00     0.00     0.00     0.00     0.00 -1    -1e-30      0.00 7.513e-01 2.484e-01 4.560e-05 1.308e-05 1.151e-04 -1.000 2.682e-04 0.362 0.354 0.610 -0.070
0.00024632 -1.80000 10.07918 0.8043147922 2.4202241091    0.742  1.769  3.7812  2.617    4  0.000  0.529     0.00     0.00     0.00     0.00     0.00 -1    -1e-30      0.00 7.513e-01 2.484e-01 4.560e-05 1.308e-05 1.151e-04 -1.000 2.682e-04 0.348 0.343 0.608 -0.093
0.00024632 -1.80000 10.07918 0.8043670654 2.4202421641    0.742  1.775  3.7767  2.592    4  0.000  0.529     0.00     0.00     0.00     0.00     0.00 -1    -1e-30      0.00 7.513e-01 2.484e-01 4.560e-05 1.308e-05 1.151e-04 -1.000 2.683e-04 0.332 0.330 0.604 -0.115
0.00024632 -1.80000 10.07918 0.8044193983 2.4202602369    0.742  1.782  3.7724  2.568    4  0.000  0.529     0.00     0.00     0.00     0.00     0.00 -1    -1e-30      0.00 7.513e-01 2.484e-01 4.560e-05 1.308e-05 1.151e-04 -1.000 2.681e-04 0.315 0.316 0.598 -0.139
0.00024632 -1.80000 10.07918 0.8044720888 2.4202784306    0.742  1.791  3.7677  2.540    4  0.000  0.529     0.00     0.00     0.00     0.00     0.00 -1    -1e-30      0.00 7.513e-01 2.484e-01 4.560e-05 1.308e-05 1.151e-04 -1.000 2.682e-04 0.293 0.297 0.588 -0.169
0.00024632 -1.80000 10.07918 0.8044825792 2.4202820525    0.742  1.783  3.7705  2.559    4  0.000  0.529     0.00     0.00     0.00     0.00     0.00 -1    -1e-30      0.00 7.513e-01 2.484e-01 4.560e-05 1.308e-05 1.151e-04 -1.000 2.683e-04 0.311 0.314 0.599 -0.146
0.00024632 -1.80000 10.07918 0.8045367002 2.4203007367    0.742  1.797  3.7642  2.520    4  0.000  0.529     0.00     0.00     0.00     0.00     0.00 -1    -1e-30      0.00 7.513e-01 2.484e-01 4.560e-05 1.308e-05 1.151e-04 -1.000 2.683e-04 0.276 0.284 0.581 -0.190
0.00024632 -1.80000 10.07918 0.8045899272 2.4203191094    0.743  1.815  3.7582  2.478    4  0.000  0.529     0.00     0.00     0.00     0.00     0.00 -1    -1e-30      0.00 7.513e-01 2.484e-01 4.560e-05 1.308e-05 1.151e-04 -1.000 2.683e-04 0.232 0.244 0.553 -0.243
0.00024632 -1.80000 10.07918 0.8046347499 2.4203345789    0.743  1.844  3.7507  2.419    4  0.000  0.529     0.00     0.00     0.00     0.00     0.00 -1    -1e-30      0.00 7.513e-01 2.484e-01 4.560e-05 1.308e-05 1.151e-04 -1.000 2.682e-04 0.159 0.177 0.500 -0.327
0.00024632 -1.80000 10.07918 0.8046590686 2.4203429712    0.743  1.879  3.7431  2.354    4  0.000  0.529     0.00     0.00     0.00     0.00     0.00 -1    -1e-30      0.00 7.513e-01 2.484e-01 4.560e-05 1.308e-05 1.151e-04 -1.000 2.682e-04 0.072 0.096 0.434 -0.424
0.00024632 -1.80000 10.07918 0.8046700358 2.4203467557    0.743  1.916  3.7363  2.290    4  0.000  0.529     0.00     0.00     0.00     0.00     0.00 -1    -1e-30      0.00 7.513e-01 2.484e-01 4.560e-05 1.308e-05 1.151e-04 -1.000 2.682e-04 -0.020 0.010 0.362 -0.525
0.00024632 -1.80000 10.07918 0.8046749234 2.4203484423    0.743  1.954  3.7302  2.227    4  0.000  0.529     0.00     0.00     0.00     0.00     0.00 -1    -1e-30      0.00 7.513e-01 2.484e-01 4.560e-05 1.308e-05 1.151e-04 -1.000 2.683e-04 -0.116 -0.081 0.284 -0.629
0.00024632 -1.80000 10.07918 0.8046772480 2.4203492444    0.743  1.991  3.7253  2.171    4  0.000  0.529     0.00     0.00     0.00     0.00     0.00 -1    -1e-30      0.00 7.513e-01 2.484e-01 4.560e-05 1.308e-05 1.151e-04 -1.000 2.682e-04 -0.208 -0.169 0.207 -0.727
0.00024632 -1.80000 10.07918 0.8046782017 2.4203495735    0.743  2.016  3.7225  2.134    7  0.000  0.529     0.00     0.00     0.00     0.00     0.00 -1    -1e-30      0.00 7.513e-01 2.484e-01 4.560e-05 1.308e-05 1.151e-04 -1.000 2.682e-04 -0.271 -0.228 0.153 -0.793
0.00024632 -1.80000 10.07918 0.8046792150 2.4203499231    0.743  2.055  3.7188  2.081    7  0.000  0.529     0.00     0.00     0.00     0.00     0.00 -1    -1e-30      0.00 7.513e-01 2.484e-01 4.560e-05 1.308e-05 1.151e-04 -1.000 2.682e-04 -0.368 -0.322 0.068 -0.894
0.00024632 -1.80000 10.07918 0.8046801686 2.4203502522    0.743  2.093  3.7157  2.030    7  0.000  0.529     0.00     0.00     0.00     0.00     0.00 -1    -1e-30      0.00 7.513e-01 2.484e-01 4.560e-05 1.308e-05 1.151e-04 -1.000 2.681e-04 -0.462 -0.412 -0.015 -0.992
0.00024632 -1.80000 10.07918 0.8046810627 2.4203505607    0.743  2.124  3.7133  1.990    7  0.000  0.529     0.00     0.00     0.00     0.00     0.00 -1    -1e-30      0.00 7.513e-01 2.484e-01 4.560e-05 1.308e-05 1.151e-04 -1.000 2.682e-04 -0.539 -0.486 -0.083 -1.070
0.00024632 -1.80000 10.07918 0.8046820164 2.4203508898    0.743  2.144  3.7118  1.964    7  0.000  0.529     0.00     0.00     0.00     0.00     0.00 -1    -1e-30      0.00 7.513e-01 2.484e-01 4.560e-05 1.308e-05 1.151e-04 -1.000 2.682e-04 -0.591 -0.536 -0.130 -1.124
0.00024632 -1.80000 10.07918 0.8046833873 2.4203513628    0.743  2.165  3.7104  1.937    7  0.000  0.529     0.00     0.00     0.00     0.00     0.00 -1    -1e-30      0.00 7.513e-01 2.484e-01 4.560e-05 1.308e-05 1.151e-04 -1.000 2.683e-04 -0.643 -0.587 -0.177 -1.178
0.00024632 -1.80000 10.07918 0.8046859503 2.4203522472    0.743  2.150  3.7116  1.957    7  0.000  0.529     0.00     0.00     0.00     0.00     0.00 -1    -1e-30      0.00 7.513e-01 2.484e-01 4.560e-05 1.308e-05 1.151e-04 -1.000 2.682e-04 -0.605 -0.549 -0.143 -1.138
0.00024632 -1.80000 10.07918 0.8046903014 2.4203537486    0.743  2.126  3.7133  1.988    7  0.000  0.529     0.00     0.00     0.00     0.00     0.00 -1    -1e-30      0.00 7.513e-01 2.484e-01 4.560e-05 1.308e-05 1.151e-04 -1.000 2.683e-04 -0.544 -0.491 -0.089 -1.076
0.00024632 -1.80000 10.07918 0.8047162294 2.4203626948    0.743  2.149  3.7113  1.957    7  0.000  0.529     0.00     0.00     0.00     0.00     0.00 -1    -1e-30      0.00 7.513e-01 2.484e-01 4.560e-05 1.308e-05 1.151e-04 -1.000 2.682e-04 -0.602 -0.547 -0.139 -1.136
0.00024632 -1.80000 10.07918 0.8047319651 2.4203681238    0.743  2.178  3.7090  1.919    7  0.000  0.529     0.00     0.00     0.00     0.00     0.00 -1    -1e-30      0.00 7.513e-01 2.484e-01 4.560e-05 1.308e-05 1.151e-04 -1.000 2.682e-04 -0.674 -0.616 -0.202 -1.210
0.00024632 -1.80000 10.07918 0.8047510982 2.4203747248    0.743  2.220  3.7059  1.864    7  0.000  0.529     0.00     0.00     0.00     0.00     0.00 -1    -1e-30      0.00 7.513e-01 2.484e-01 4.560e-05 1.308e-05 1.151e-04 -1.000 2.681e-04 -0.781 -0.718 -0.297 -1.320
0.00024632 -1.80000 10.07918 0.8047706485 2.4203814693    0.743  2.273  3.7023  1.798    7  0.000  0.529     0.00     0.00     0.00     0.00     0.00 -1    -1e-30      0.00 7.513e-01 2.484e-01 4.560e-05 1.308e-05 1.151e-04 -1.000 2.682e-04 -0.911 -0.843 -0.412 -1.453
0.00024632 -1.80000 10.07918 0.8047881722 2.4203875143    0.743  2.319  3.6992  1.739    7  0.000  0.529     0.00     0.00     0.00     0.00     0.00 -1    -1e-30      0.00 7.513e-01 2.484e-01 4.560e-05 1.308e-05 1.151e-04 -1.000 2.682e-04 -1.028 -0.954 -0.516 -1.573
0.00024632 -1.80000 10.07918 0.8048037291 2.4203928806    0.743  2.363  3.6964  1.684    7  0.000  0.529     0.00     0.00     0.00     0.00     0.00 -1    -1e-30      0.00 7.514e-01 2.484e-01 4.559e-05 1.308e-05 1.151e-04 -1.000 2.501e-04 -1.137 -1.058 -0.612 -1.683
0.00024632 -1.80000 10.07918 0.8048174381 2.4203976093    0.743  2.405  3.6937  1.630    7  0.000  0.529     0.00     0.00     0.00     0.00     0.00 -1    -1e-30      0.00 7.514e-01 2.483e-01 4.557e-05 1.309e-05 1.151e-04 -1.000 2.447e-04 -1.244 -1.160 -0.706 -1.791
0.00024632 -1.80000 10.07918 0.8048295379 2.4204017827    0.743  2.447  3.6911  1.578    7  0.000  0.527     0.00     0.00     0.00     0.00     0.00 -1    -1e-30      0.00 7.514e-01 2.483e-01 4.547e-05 1.313e-05 1.151e-04 -1.000 2.448e-04 -1.348 -1.259 -0.798 -1.897
0.00024632 -1.80000 10.07918 0.8048402071 2.4204054627    0.743  2.489  3.6885  1.526    7  0.000  0.523     0.00     0.00     0.00     0.00     0.00 -1    -1e-30      0.00 7.514e-01 2.484e-01 4.513e-05 1.337e-05 1.151e-04 -1.000 2.466e-04 -1.452 -1.357 -0.888 -2.001
0.00024632 -1.80000 10.07918 0.8048499227 2.4204088135    0.743  2.530  3.6859  1.474    7  0.000  0.513     6.90     5.49     3.89     3.02     2.44  3    -1e-30      0.00 7.513e-01 2.484e-01 4.443e-05 1.407e-05 1.151e-04 -1.000 2.682e-04 -1.555 -1.454 -0.978 -2.105
0.00024632 -1.80000 10.07918 0.8048588037 2.4204118765    0.743  2.571  3.6832  1.422    7  0.000  0.499     7.71     6.03     4.26     3.30     2.67  3    -1e-30      0.00 7.513e-01 2.485e-01 4.342e-05 1.521e-05 1.151e-04 -1.000 2.682e-04 -1.658 -1.553 -1.067 -2.211
0.00024632 -1.80000 10.07918 0.8048670292 2.4204147133    0.743  2.613  3.6806  1.370    7  0.000  0.486     8.62     6.63     4.66     3.62     2.93  3    -1e-30      0.00 7.512e-01 2.485e-01 4.231e-05 1.654e-05 1.151e-04 -1.000 2.682e-04 -1.763 -1.652 -1.155 -2.319
0.00024632 -1.80000 10.07918 0.8048747778 2.4204173856    0.743  2.655  3.6779  1.318    7  0.000  0.474     9.63     7.28     5.10     3.97     3.21  3    -1e-30      0.00 7.511e-01 2.487e-01 4.127e-05 1.781e-05 1.151e-04 -1.000 2.363e-04 -1.866 -1.749 -1.240 -2.426
0.00024632 -1.80000 10.07918 0.8048821688 2.4204199345    0.743  2.696  3.6752  1.265    7  0.000  0.464    10.76     8.01     5.58     4.35     3.52  3    -1e-30      0.00 7.509e-01 2.488e-01 4.035e-05 1.894e-05 1.151e-04 -1.000 2.682e-04 -1.970 -1.846 -1.324 -2.533
0.00024632 -1.80000 10.07918 0.8048892021 2.4204223600    0.743  2.737  3.6725  1.214    7  0.000  0.455    12.01     8.79     6.10     4.76     3.85  2    -1e-30      0.00 7.508e-01 2.490e-01 3.956e-05 1.992e-05 1.151e-04 -1.000 2.682e-04 -2.072 -1.941 -1.406 -2.638
0.00024632 -1.80000 10.07918 0.8048959374 2.4204246827    0.743  2.778  3.6697  1.162    7  0.000  0.447    13.43     9.66     6.68     5.22     4.22  2    -1e-30      0.00 7.506e-01 2.491e-01 3.889e-05 2.074e-05 1.151e-04 -1.000 2.682e-04 -2.176 -2.036 -1.486 -2.744
0.00024632 -1.80000 10.07918 0.8049020171 2.4204267793    0.743  2.820  3.6669  1.108    7  0.000  0.440    15.03    10.63     7.32     5.73     4.64  2    -1e-30      0.00 7.505e-01 2.493e-01 3.829e-05 2.148e-05 1.151e-04 -1.000 2.682e-04 -2.281 -2.132 -1.566 -2.851
0.00024632 -1.80000 10.07918 0.8049070835 2.4204285263    0.743  2.861  3.6642  1.057    7  0.000  0.435    16.77    11.67     8.00     6.27     5.08  2    -1e-30      0.00 7.503e-01 2.494e-01 3.781e-05 2.207e-05 1.150e-04 -1.000 2.683e-04 -2.382 -2.223 -1.640 -2.954
0.00024632 -1.80000 10.07918 0.8049113750 2.4204300062    0.743  2.901  3.6614  1.005    7  0.000  0.431    18.73    12.82     8.75     6.86     5.56  2    -1e-30      0.00 7.501e-01 2.496e-01 3.739e-05 2.261e-05 1.149e-04 -1.000 2.682e-04 -2.484 -2.314 -1.713 -3.058
0.00024632 -1.80000 10.07918 0.8049150109 2.4204312600    0.743  2.942  3.6586  0.954    7  0.000  0.427    20.90    14.07     9.56     7.51     6.09  2    -1e-30      0.00 7.499e-01 2.498e-01 3.702e-05 2.309e-05 1.148e-04 -1.000 2.364e-04 -2.584 -2.401 -1.780 -3.160
0.00024632 -1.80000 10.07918 0.8049185276 2.4204324726    0.743  2.983  3.6557  0.901    7  0.000  0.424    23.39    15.48    10.48     8.24     6.68  1    -1e-30      0.00 7.498e-01 2.500e-01 3.670e-05 2.355e-05 1.147e-04 -1.000 2.683e-04 -2.687 -2.490 -1.851 -3.260
0.00024632 -1.80000 10.07918 0.8049219847 2.4204336647    0.743  3.026  3.6525  0.845    7  0.000  0.422    26.36    17.14    11.54     9.10     7.37  1    -1e-30      0.00 7.496e-01 2.501e-01 3.645e-05 2.394e-05 1.145e-04 -1.000 2.682e-04 -2.796 -2.583 -1.927 -3.366
0.00024632 -1.80000 10.07918 0.8049250245 2.4204347129    0.743  3.072  3.6492  0.785    7  0.000  0.420    29.90    19.07    12.79    10.09     8.18  1    -1e-30      0.00 7.494e-01 2.503e-01 3.622e-05 2.436e-05 1.143e-04 -1.000 2.683e-04 -2.911 -2.681 -2.005 -3.476
0.00024632 -1.80000 10.07918 0.8049260974 2.4204350829    0.743  3.093  3.6476  0.758    7  0.000  0.420    31.70    20.04    13.41    10.59     8.59  1    -1e-30      0.00 7.494e-01 2.504e-01 3.612e-05 2.457e-05 1.141e-04 -1.000 2.683e-04 -2.964 -2.725 -2.040 -3.526
0.00024632 -1.80000 10.07918 0.8049263358 2.4204351651    0.743  3.123  3.6454  0.720    7  0.000  0.419    34.35    21.46    14.31    11.31     9.18  1    -1e-30      0.00 7.492e-01 2.505e-01 3.601e-05 2.485e-05 1.139e-04 -1.000 2.682e-04 -3.036 -2.786 -2.089 -3.596
0.00024632 -1.80000 10.07918 0.8049266338 2.4204352678    0.743  3.159  3.6427  0.673    7  0.000  0.418    37.97    23.36    15.52    12.29     9.97  1    -1e-30      0.00 7.490e-01 2.508e-01 3.582e-05 2.539e-05 1.136e-04 -1.000 2.682e-04 -3.127 -2.862 -2.149 -3.681
0.00024632 -1.80000 10.07918 0.8049270511 2.4204354117    0.743  3.195  3.6399  0.625    7  0.000  0.417    42.02    25.47    16.85    13.36    10.84  1    -1e-30      0.00 7.487e-01 2.510e-01 3.560e-05 2.600e-05 1.132e-04 -1.000 2.681e-04 -3.218 -2.937 -2.208 -3.767
0.00024632 -1.80000 10.07918 0.8049273491 2.4204355145    0.743  3.260  3.6323  0.530    8  0.527  0.420    51.46    30.25    19.86    15.78    12.81  1 -4.71e-07      0.00 7.460e-01 2.538e-01 3.521e-05 2.935e-05 1.139e-04 -1.000 2.148e-04 -3.380 -3.052 -2.279 -3.908
0.00024632 -1.80000 10.07918 0.8049274087 2.4204355350    0.741  3.056  3.6477  0.796    8  0.527  0.412    29.25    18.72    12.56     9.91     8.03  1 -1.98e-07      0.00 7.460e-01 2.538e-01 3.521e-05 2.935e-05 1.139e-04 -1.000 2.148e-04 -2.869 -2.632 -1.952 -3.431
0.00024632 -1.80000 10.07918 0.8049275279 2.4204355761    0.739  2.903  3.6594  0.994    8  0.527  0.412    19.18    13.07     8.91     7.00     5.67  2 -1.08e-07      0.00 7.460e-01 2.538e-01 3.521e-05 2.935e-05 1.139e-04 -1.000 2.148e-04 -2.488 -2.310 -1.698 -3.063
0.00024632 -1.80000 10.07918 0.8049277067 2.4204356378    0.735  2.699  3.6751  1.257    8  0.527  0.412    10.92     8.10     5.64     4.40     3.56  3 -5.17e-08      0.00 7.460e-01 2.538e-01 3.521e-05 2.935e-05 1.139e-04 -1.000 2.148e-04 -1.979 -1.854 -1.332 -2.542
0.00024632 -1.80000 10.07918 0.8049280047 2.4204357406    0.730  2.706  3.6744  1.245    8  0.528  0.412    11.18     8.27     5.75     4.49     3.63  2 -5.34e-08      0.00 7.460e-01 2.538e-01 3.521e-05 2.935e-05 1.139e-04 -1.000 2.148e-04 -1.995 -1.869 -1.343 -2.558
0.00024632 -1.80000 10.07918 0.8049284220 2.4204358844    0.723  2.799  3.6671  1.118    8  0.528  0.412    14.62    10.38     7.15     5.60     4.53  2 -7.59e-08      0.00 7.460e-01 2.538e-01 3.521e-05 2.935e-05 1.139e-04 -1.000 2.148e-04 -2.228 -2.080 -1.515 -2.798
0.00024632 -1.80000 10.07918 0.8049288392 2.4204360283    0.714  2.978  3.6531  0.878    8  0.528  0.412    24.30    15.96    10.78     8.50     6.88  1 -1.55e-07      0.00 7.460e-01 2.538e-01 3.521e-05 2.935e-05 1.139e-04 -1.000 2.149e-04 -2.675 -2.465 -1.814 -3.244
0.00024632 -1.80000 10.07918 0.8049293756 2.4204362133    0.704  3.136  3.6406  0.664    8  0.528  0.412    38.27    23.43    15.54    12.33    10.00  1 -3.07e-07      0.00 7.460e-01 2.538e-01 3.521e-05 2.935e-05 1.139e-04 -1.000 2.148e-04 -3.071 -2.795 -2.073 -3.620
0.00024632 -1.80000 10.07918 0.8049299717 2.4204364188    0.693  3.242  3.6321  0.517    8  0.529  0.412    52.19    30.43    19.94    15.89    12.89  1 -5.02e-07      0.00 7.460e-01 2.538e-01 3.521e-05 2.935e-05 1.139e-04 -1.000 2.149e-04 -3.336 -3.007 -2.231 -3.865
0.00024632 -1.80000 10.07918 0.8049306273 2.4204366449    0.681  3.302  3.6273  0.430    8  0.529  0.412    62.63    35.43    23.06    18.42    14.95  1 -6.79e-07      0.00 7.460e-01 2.538e-01 3.521e-05 2.935e-05 1.139e-04 -1.000 2.149e-04 -3.485 -3.121 -2.310 -3.999
0.00024632 -1.80000 10.07918 0.8049314022 2.4204369121    0.668  3.333  3.6245  0.380    8  0.530  0.412    69.60    38.65    25.04    20.05    16.27  0 -8.16e-07      0.00 7.460e-01 2.538e-01 3.521e-05 2.935e-05 1.139e-04 -1.000 2.149e-04 -3.563 -3.178 -2.346 -4.068
0.00024632 -1.80000 10.07918 0.8049322367 2.4204371998    0.653  3.353  3.6226  0.342    8  0.530  0.412    75.11    41.11    26.55    21.29    17.28  0 -9.37e-07      0.00 7.460e-01 2.538e-01 3.521e-05 2.935e-05 1.139e-04 -1.000 2.149e-04 -3.613 -3.214 -2.366 -4.112
0.00024632 -1.80000 10.07918 0.8049361110 2.4204385357    0.532 -9.999  4.0000  1.843    9  0.532  0.000     0.00     0.00     0.00     0.00     0.00 -1    -1e-30      0.00 7.460e-01 2.538e-01 3.521e-05 2.935e-05 1.139e-04 -1.000 2.149e-04 29.767 30.114 30.119 30.091
#isochrone terminated
