# File generated by CMD 3.8 (http://stev.oapd.inaf.it/cmd) on Tue Apr  8 13:52:12 UTC 2025
# isochrones based on PARSEC release v1.2S +  COLIBRI S_37 + S_35 + PR16
# Basic references: Bressan et al. (2012), MNRAS, 427, 127 + Chen et al. (2014, 2015), MNRAS, 444, 2525 + MNRAS, 452, 1068 + Tang et al. (2014), MNRAS, 445, 4287 + Marigo et al. (2017), ApJ, 835, 77 + Pastorelli al. (2019), MNRAS, 485, 5666 + Pastorelli al. (2020), MNRAS, in press
# Thermal pulse cycles included 
# On RGB, assumed Reimers mass loss with efficiency eta=0.2
# LPV periods and growth rates added cf. Trabucchi et al. (2019)
# but fundamental-mode LPV periods + transition are from Trabucchi et al. (2021)
# Photometric system: Gaia EDR3 (all Vegamags, Gaia passbands from ESA/Gaia website)
# Attention: photometry includes extinction of Av=0.062, with coefficients derived star-by-star, for Cardelli et al 89 + O'Donnell 94 Rv=3.1 extinction curve.
# Using YBC version of bolometric corrections as in Chen et al. (2019)
# O-rich circumstellar dpmod60alox40 dust from Groenewegen (2006)
# C-rich circumstellar AMCSIC15 dust from Groenewegen (2006)
# IMF: Kroupa (2001, 2002) + Kroupa et al. (2013) canonical two-part-power law IMF corrected for unresolved binaries 
# Kind of output: isochrone tables
# Zini     MH   logAge Mini        int_IMF         Mass   logL    logTe  logg  label   McoreTP C_O  period0  period1  period2  period3  period4  pmode  Mloss  tau1m   X   Y   Xc  Xn  Xo  Cexcess  Z 	 mbolmag  Gmag    G_BPmag  G_RPmag
0.00024632 -1.80000 10.04139 0.0900000036 1.0816895926    0.090 -3.198  3.4846  5.481    1  0.000  0.545     0.00     0.00     0.00     0.00     0.00 -1 -4.83e-17      0.00 7.485e-01 2.512e-01 4.823e-05 1.301e-05 1.180e-04 -1.000 2.682e-04 12.766 13.553 15.280 12.325
0.00024632 -1.80000 10.04139 0.0966816992 1.1427740260    0.097 -2.952  3.5207  5.410    1  0.000  0.545     0.00     0.00     0.00     0.00     0.00 -1 -8.91e-17      0.00 7.470e-01 2.527e-01 4.823e-05 1.301e-05 1.180e-04 -1.000 2.681e-04 12.150 12.789 14.067 11.688
0.00024632 -1.80000 10.04139 0.1000000015 1.1711064122    0.100 -2.836  3.5377  5.377    1  0.000  0.545     0.00     0.00     0.00     0.00     0.00 -1 -1.19e-16      0.00 7.462e-01 2.535e-01 4.823e-05 1.301e-05 1.180e-04 -1.000 2.682e-04 11.860 12.424 13.559 11.378
0.00024632 -1.80000 10.04139 0.1199999973 1.3193154249    0.120 -2.543  3.5686  5.287    1  0.000  0.545     0.00     0.00     0.00     0.00     0.00 -1 -2.36e-16      0.00 7.433e-01 2.564e-01 4.823e-05 1.301e-05 1.180e-04 -1.000 2.682e-04 11.129 11.560 12.496 10.606
0.00024632 -1.80000 10.04139 0.1400000006 1.4384526719    0.140 -2.360  3.5834  5.230    1  0.000  0.545     0.00     0.00     0.00     0.00     0.00 -1 -3.56e-16      0.00 7.413e-01 2.584e-01 4.823e-05 1.301e-05 1.180e-04 -1.000 2.683e-04 10.671 11.048 11.909 10.132
0.00024632 -1.80000 10.04139 0.1599999964 1.5372931554    0.160 -2.217  3.5931  5.184    1  0.000  0.545     0.00     0.00     0.00     0.00     0.00 -1 -4.88e-16      0.00 7.400e-01 2.597e-01 4.823e-05 1.301e-05 1.180e-04 -1.000 2.682e-04 10.313 10.657 11.473 9.767
0.00024632 -1.80000 10.04139 0.2000000179 1.6938791367    0.200 -1.997  3.6055  5.110    1  0.000  0.545     0.00     0.00     0.00     0.00     0.00 -1 -7.88e-16      0.00 7.390e-01 2.607e-01 4.823e-05 1.301e-05 1.180e-04 -1.000 2.682e-04 9.762 10.066 10.828 9.207
0.00024632 -1.80000 10.04139 0.2500000000 1.8403257998    0.250 -1.794  3.6165  5.048    1  0.000  0.545     0.00     0.00     0.00     0.00     0.00 -1 -1.21e-15      0.00 7.391e-01 2.606e-01 4.822e-05 1.301e-05 1.180e-04 -1.000 2.682e-04 9.255 9.524 10.243 8.693
0.00024632 -1.80000 10.04139 0.3000000417 1.9529140366    0.300 -1.639  3.6255  5.008    1  0.000  0.545     0.00     0.00     0.00     0.00     0.00 -1 -1.65e-15      0.00 7.393e-01 2.605e-01 4.821e-05 1.301e-05 1.180e-04 -1.000 2.682e-04 8.867 9.108 9.792 8.299
0.00024632 -1.80000 10.04139 0.3499999940 2.0434174644    0.350 -1.512  3.6336  4.980    1  0.000  0.544     0.00     0.00     0.00     0.00     0.00 -1 -2.12e-15      0.00 7.391e-01 2.606e-01 4.819e-05 1.301e-05 1.180e-04 -1.000 2.682e-04 8.549 8.766 9.421 7.977
0.00024632 -1.80000 10.04139 0.4000000060 2.1185024399    0.400 -1.382  3.6432  4.947    1  0.000  0.545     0.00     0.00     0.00     0.00     0.00 -1 -2.77e-15      0.00 7.503e-01 2.494e-01 4.823e-05 1.301e-05 1.180e-04 -1.000 2.681e-04 8.226 8.414 9.036 7.649
0.00024632 -1.80000 10.04139 0.4500000477 2.1822809714    0.450 -1.223  3.6592  4.903    1  0.000  0.545     0.00     0.00     0.00     0.00     0.00 -1 -3.97e-15      0.00 7.506e-01 2.491e-01 4.823e-05 1.301e-05 1.180e-04 -1.000 2.682e-04 7.827 7.971 8.541 7.245
0.00024632 -1.80000 10.04139 0.4749026597 2.2107043501    0.475 -1.132  3.6695  4.876    1  0.000  0.545     0.00     0.00     0.00     0.00     0.00 -1 -4.91e-15      0.00 7.506e-01 2.491e-01 4.823e-05 1.301e-05 1.180e-04 -1.000 2.682e-04 7.599 7.718 8.256 7.017
0.00024632 -1.80000 10.04139 0.5000000000 2.2374541529    0.500 -1.045  3.6793  4.851    1  0.000  0.545     0.00     0.00     0.00     0.00     0.00 -1 -6.02e-15      0.00 7.506e-01 2.491e-01 4.823e-05 1.301e-05 1.180e-04 -1.000 2.682e-04 7.382 7.478 7.988 6.800
0.00024632 -1.80000 10.04139 0.5500000715 2.2836583126    0.550 -0.841  3.7006  4.773    1  0.000  0.544     0.00     0.00     0.00     0.00     0.00 -1    -1e-14      0.00 7.819e-01 2.179e-01 4.254e-05 1.149e-05 1.042e-04 -1.000 1.693e-04 6.873 6.930 7.384 6.299
0.00024632 -1.80000 10.04139 0.6000000238 2.3211213258    0.600 -0.637  3.7259  4.709    1  0.000  0.544     0.00     0.00     0.00     0.00     0.00 -1 -1.65e-14      0.00 7.930e-01 2.068e-01 4.065e-05 1.098e-05 9.966e-05 -1.000 2.354e-04 6.363 6.391 6.786 5.813
0.00024632 -1.80000 10.04139 0.6113157868 2.3286278434    0.611 -0.589  3.7325  4.695    1  0.000  0.544     0.00     0.00     0.00     0.00     0.00 -1 -1.86e-14      0.00 7.961e-01 2.037e-01 4.013e-05 1.084e-05 9.844e-05 -1.000 2.120e-04 6.242 6.265 6.646 5.702
0.00024632 -1.80000 10.04139 0.6245024800 2.3369819797    0.624 -0.532  3.7402  4.678    1  0.000  0.543     0.00     0.00     0.00     0.00     0.00 -1 -2.14e-14      0.00 7.999e-01 1.999e-01 3.951e-05 1.067e-05 9.693e-05 -1.000 2.169e-04 6.100 6.119 6.485 5.572
0.00024632 -1.80000 10.04139 0.6357807517 2.3438117877    0.635 -0.483  3.7468  4.664    1  0.000  0.543     0.00     0.00     0.00     0.00     0.00 -1 -2.41e-14      0.00 8.033e-01 1.965e-01 3.894e-05 1.052e-05 9.558e-05 -1.000 2.204e-04 5.979 5.997 6.348 5.463
0.00024632 -1.80000 10.04139 0.6466864944 2.3501561392    0.646 -0.436  3.7530  4.648    1  0.000  0.543     0.00     0.00     0.00     0.00     0.00 -1 -2.71e-14      0.00 8.067e-01 1.931e-01 3.837e-05 1.037e-05 9.420e-05 -1.000 2.373e-04 5.860 5.878 6.217 5.357
0.00024632 -1.80000 10.04139 0.6499999762 2.3520353107    0.650 -0.421  3.7548  4.643    1  0.000  0.543     0.00     0.00     0.00     0.00     0.00 -1 -2.81e-14      0.00 8.078e-01 1.920e-01 3.819e-05 1.032e-05 9.379e-05 -1.000 2.159e-04 5.823 5.841 6.176 5.325
0.00024632 -1.80000 10.04139 0.6593174934 2.3572033205    0.659 -0.380  3.7598  4.628    1  0.000  0.543     0.00     0.00     0.00     0.00     0.00 -1 -3.12e-14      0.00 8.116e-01 1.882e-01 3.757e-05 1.016e-05 9.228e-05 -1.000 2.102e-04 5.721 5.739 6.063 5.234
0.00024632 -1.80000 10.04139 0.6726516485 2.3643135348    0.672 -0.321  3.7668  4.606    1  0.000  0.542     0.00     0.00     0.00     0.00     0.00 -1 -3.64e-14      0.00 8.174e-01 1.824e-01 3.662e-05 9.906e-06 9.002e-05 -1.000 2.455e-04 5.572 5.592 5.903 5.102
0.00024632 -1.80000 10.04139 0.6849973798 2.3706136673    0.685 -0.264  3.7731  4.582    1  0.000  0.542     0.00     0.00     0.00     0.00     0.00 -1 -4.21e-14      0.00 8.231e-01 1.766e-01 3.567e-05 9.652e-06 8.776e-05 -1.000 2.411e-04 5.431 5.454 5.753 4.978
0.00024632 -1.80000 10.04139 0.6963399053 2.3761759893    0.696 -0.211  3.7788  4.559    1  0.000  0.541     0.00     0.00     0.00     0.00     0.00 -1 -4.63e-14      0.00 8.289e-01 1.709e-01 3.473e-05 9.403e-06 8.552e-05 -1.000 2.300e-04 5.298 5.325 5.612 4.860
0.00024632 -1.80000 10.04139 0.6999999881 2.3779266974    0.700 -0.194  3.7806  4.551    1  0.000  0.541     0.00     0.00     0.00     0.00     0.00 -1 -5.08e-14      0.00 8.308e-01 1.690e-01 3.442e-05 9.319e-06 8.477e-05 -1.000 2.048e-04 5.254 5.282 5.566 4.821
0.00024632 -1.80000 10.04139 0.7070949078 2.3812610872    0.707 -0.159  3.7839  4.534    1  0.000  0.540     0.00     0.00     0.00     0.00     0.00 -1 -5.58e-14      0.00 8.349e-01 1.649e-01 3.369e-05 9.141e-06 8.319e-05 -1.000 1.455e-04 5.168 5.197 5.476 4.744
0.00024632 -1.80000 10.04139 0.7175729871 2.3860470437    0.717 -0.107  3.7888  4.507    1  0.000  0.538     0.00     0.00     0.00     0.00     0.00 -1 -6.44e-14      0.00 8.408e-01 1.590e-01 3.264e-05 8.886e-06 8.094e-05 -1.000 1.949e-04 5.037 5.068 5.338 4.626
0.00024632 -1.80000 10.04139 0.7274517417 2.3904143479    0.727 -0.055  3.7932  4.479    1  0.000  0.535     0.00     0.00     0.00     0.00     0.00 -1 -7.45e-14      0.00 8.460e-01 1.538e-01 3.172e-05 8.662e-06 7.897e-05 -1.000 1.797e-04 4.907 4.941 5.202 4.508
0.00024632 -1.80000 10.04139 0.7361233830 2.3941371055    0.736 -0.007  3.7971  4.452    1  0.000  0.534     0.00     0.00     0.00     0.00     0.00 -1 -8.53e-14      0.00 8.504e-01 1.495e-01 3.099e-05 8.485e-06 7.740e-05 -1.000 1.663e-04 4.787 4.822 5.077 4.398
0.00024632 -1.80000 10.04139 0.7446860671 2.3977154232    0.744  0.043  3.8007  4.422    1  0.000  0.532     0.00     0.00     0.00     0.00     0.00 -1 -9.83e-14      0.00 8.542e-01 1.456e-01 3.034e-05 8.330e-06 7.605e-05 -1.000 1.476e-04 4.663 4.699 4.947 4.283
0.00024632 -1.80000 10.04139 0.7500000000 2.3998889087    0.749  0.075  3.8029  4.402    1  0.000  0.531     0.00     0.00     0.00     0.00     0.00 -1 -1.08e-13      0.00 8.564e-01 1.434e-01 2.998e-05 8.245e-06 7.531e-05 -1.000 1.454e-04 4.583 4.620 4.864 4.209
0.00024632 -1.80000 10.04139 0.7561891079 2.4023761229    0.756  0.114  3.8056  4.377    1  0.000  0.530     0.00     0.00     0.00     0.00     0.00 -1 -1.21e-13      0.00 8.573e-01 1.425e-01 2.993e-05 8.236e-06 7.525e-05 -1.000 1.550e-04 4.486 4.523 4.763 4.118
0.00024632 -1.80000 10.04139 0.7641602755 2.4055113278    0.763  0.167  3.8091  4.342    1  0.000  0.530     0.00     0.00     0.00     0.00     0.00 -1 -1.42e-13      0.00 8.583e-01 1.415e-01 2.989e-05 8.228e-06 7.522e-05 -1.000 2.020e-04 4.352 4.390 4.623 3.992
0.00024632 -1.80000 10.04139 0.7715072036 2.4083351252    0.771  0.220  3.8121  4.305    1  0.000  0.529     0.00     0.00     0.00     0.00     0.00 -1 -1.66e-13      0.00 8.591e-01 1.407e-01 2.988e-05 8.227e-06 7.523e-05 -1.000 1.889e-04 4.219 4.257 4.485 3.866
0.00024632 -1.80000 10.04139 0.7782313228 2.4108658800    0.777  0.273  3.8147  4.266    1  0.000  0.529     0.00     0.00     0.00     0.00     0.00 -1 -1.95e-13      0.00 8.598e-01 1.401e-01 2.987e-05 8.227e-06 7.527e-05 -1.000 1.454e-04 4.088 4.125 4.348 3.740
0.00024632 -1.80000 10.04139 0.7843840718 2.4131379233    0.783  0.325  3.8167  4.226    1  0.000  0.529     0.00     0.00     0.00     0.00     0.00 -1 -2.29e-13      0.00 8.603e-01 1.396e-01 2.989e-05 8.235e-06 7.536e-05 -1.000 1.538e-04 3.959 3.995 4.215 3.615
0.00024632 -1.80000 10.04139 0.7901155353 2.4152178290    0.789  0.376  3.8181  4.184    1  0.000  0.529     0.00     0.00     0.00     0.00     0.00 -1  -2.7e-13      0.00 8.595e-01 1.404e-01 3.009e-05 8.292e-06 7.588e-05 -1.000 1.613e-04 3.830 3.865 4.083 3.489
0.00024632 -1.80000 10.04139 0.7940422297 2.4166228823    0.793  0.413  3.8186  4.151    1  0.000  0.529     0.00     0.00     0.00     0.00     0.00 -1 -3.06e-13      0.00 8.586e-01 1.412e-01 3.027e-05 8.342e-06 7.634e-05 -1.000 1.655e-04 3.738 3.772 3.989 3.398
0.00024632 -1.80000 10.04139 0.7953711748 2.4170947947    0.794  0.427  3.8184  4.137    1  0.000  0.529     0.00     0.00     0.00     0.00     0.00 -1 -3.21e-13      0.00 8.584e-01 1.415e-01 3.033e-05 8.360e-06 7.650e-05 -1.000 1.661e-04 3.703 3.736 3.953 3.362
0.00024632 -1.80000 10.04139 0.8000000119 2.4187244405    0.799  0.478  3.8170  4.082    1  0.000  0.529     0.00     0.00     0.00     0.00     0.00 -1 -3.81e-13      0.00 8.574e-01 1.425e-01 3.056e-05 8.422e-06 7.707e-05 -1.000 1.682e-04 3.574 3.605 3.824 3.229
0.00024632 -1.80000 10.04139 0.8004552126 2.4188835300    0.799  0.484  3.8169  4.077    1  0.000  0.529     0.00     0.00     0.00     0.00     0.00 -1 -3.88e-13      0.00 8.572e-01 1.426e-01 3.058e-05 8.429e-06 7.714e-05 -1.000 1.689e-04 3.561 3.592 3.811 3.216
0.00024632 -1.80000 10.04139 0.8044112921 2.4202574377    0.803  0.534  3.8139  4.016    1  0.000  0.529     0.00     0.00     0.00     0.00     0.00 -1 -4.67e-13      0.00 8.559e-01 1.439e-01 3.082e-05 8.494e-06 7.773e-05 -1.000 1.751e-04 3.434 3.464 3.686 3.081
0.00024632 -1.80000 10.04139 0.8050797582 2.4204880564    0.804  0.544  3.8131  4.004    1  0.000  0.529     0.00     0.00     0.00     0.00     0.00 -1 -4.85e-13      0.00 8.557e-01 1.441e-01 3.086e-05 8.505e-06 7.783e-05 -1.000 1.762e-04 3.411 3.440 3.664 3.056
0.00024632 -1.80000 10.04139 0.8057513833 2.4207193218    0.804  0.554  3.8120  3.989    2  0.000  0.529     0.00     0.00     0.00     0.00     0.00 -1 -5.07e-13      0.00 8.555e-01 1.443e-01 3.090e-05 8.516e-06 7.793e-05 -1.000 1.773e-04 3.385 3.414 3.639 3.028
0.00024632 -1.80000 10.04139 0.8080066442 2.4214926578    0.806  0.591  3.8069  3.933    2  0.000  0.529     0.00     0.00     0.00     0.00     0.00 -1 -5.85e-13      0.00 8.547e-01 1.451e-01 3.104e-05 8.553e-06 7.826e-05 -1.000 1.809e-04 3.291 3.318 3.551 2.922
0.00024632 -1.80000 10.04139 0.8097237945 2.4220781531    0.808  0.625  3.8005  3.875    2  0.000  0.529     0.00     0.00     0.00     0.00     0.00 -1 -6.75e-13      0.00 8.542e-01 1.456e-01 3.114e-05 8.581e-06 7.852e-05 -1.000 1.836e-04 3.208 3.233 3.476 2.824
0.00024632 -1.80000 10.04139 0.8110628724 2.4225327595    0.809  0.655  3.7929  3.815    2  0.000  0.529     0.00     0.00     0.00     0.00     0.00 -1 -7.73e-13      0.00 8.538e-01 1.461e-01 3.122e-05 8.603e-06 7.872e-05 -1.000 1.858e-04 3.133 3.157 3.413 2.732
0.00024632 -1.80000 10.04139 0.8121393323 2.4228969593    0.810  0.681  3.7846  3.756    2  0.000  0.529     0.00     0.00     0.00     0.00     0.00 -1  -8.8e-13      0.00 8.507e-01 1.491e-01 3.214e-05 8.852e-06 8.097e-05 -1.000 1.864e-04 3.067 3.090 3.360 2.648
0.00024632 -1.80000 10.04139 0.8130354285 2.4231992908    0.811  0.705  3.7760  3.698    2  0.000  0.530     0.00     0.00     0.00     0.00     0.00 -1 -9.93e-13      0.00 8.393e-01 1.605e-01 3.430e-05 9.435e-06 8.621e-05 -1.000 1.818e-04 3.008 3.030 3.315 2.570
0.00024632 -1.80000 10.04139 0.8138157725 2.4234619454    0.812  0.728  3.7680  3.644    2  0.000  0.532     0.00     0.00     0.00     0.00     0.00 -1 -1.11e-12      0.00 8.143e-01 1.855e-01 3.795e-05 1.041e-05 9.496e-05 -1.000 2.230e-04 2.951 2.974 3.273 2.497
0.00024632 -1.80000 10.04139 0.8145353794 2.4237036436    0.813  0.753  3.7605  3.589    2  0.000  0.535     0.00     0.00     0.00     0.00     0.00 -1 -1.26e-12      0.00 7.937e-01 2.061e-01 4.095e-05 1.122e-05 1.021e-04 -1.000 2.041e-04 2.889 2.913 3.225 2.420
0.00024632 -1.80000 10.04139 0.8152574897 2.4239456896    0.813  0.786  3.7533  3.528    2  0.000  0.536     0.00     0.00     0.00     0.00     0.00 -1 -1.45e-12      0.00 7.805e-01 2.192e-01 4.287e-05 1.173e-05 1.067e-04 -1.000 2.440e-04 2.805 2.831 3.158 2.324
0.00024632 -1.80000 10.04139 0.8158220649 2.4241345877    0.814  0.820  3.7486  3.475    2  0.000  0.536     0.00     0.00     0.00     0.00     0.00 -1 -1.67e-12      0.00 7.745e-01 2.253e-01 4.378e-05 1.197e-05 1.089e-04 -1.000 2.586e-04 2.719 2.747 3.082 2.229
0.00024632 -1.80000 10.04139 0.8163806200 2.4243211761    0.814  0.861  3.7447  3.418    2  0.000  0.536     0.00     0.00     0.00     0.00     0.00 -1 -1.96e-12      0.00 7.704e-01 2.294e-01 4.438e-05 1.214e-05 1.103e-04 -1.000 2.455e-04 2.617 2.646 2.989 2.120
0.00024632 -1.80000 10.04139 0.8165555596 2.4243795552    0.815  0.876  3.7437  3.399    3  0.000  0.536     0.00     0.00     0.00     0.00     0.00 -1 -2.08e-12      0.00 7.694e-01 2.303e-01 4.452e-05 1.217e-05 1.106e-04 -1.000 2.019e-04 2.579 2.609 2.954 2.081
0.00024632 -1.80000 10.04139 0.8170250654 2.4245360920    0.815  0.919  3.7413  3.348    3  0.000  0.537     0.00     0.00     0.00     0.00     0.00 -1 -2.42e-12      0.00 7.670e-01 2.327e-01 4.484e-05 1.226e-05 1.114e-04 -1.000 2.659e-04 2.474 2.505 2.854 1.972
0.00024632 -1.80000 10.04139 0.8175384402 2.4247070184    0.815  0.968  3.7389  3.289    3  0.000  0.537     0.00     0.00     0.00     0.00     0.00 -1  -2.9e-12      0.00 7.647e-01 2.350e-01 4.512e-05 1.233e-05 1.121e-04 -1.000 2.608e-04 2.349 2.382 2.736 1.845
0.00024632 -1.80000 10.04139 0.8179742694 2.4248519326    0.816  1.014  3.7372  3.237    3  0.000  0.537     0.00     0.00     0.00     0.00     0.00 -1 -3.42e-12      0.00 7.629e-01 2.368e-01 4.531e-05 1.238e-05 1.125e-04 -1.000 2.606e-04 2.236 2.270 2.627 1.729
0.00024632 -1.80000 10.04139 0.8183906078 2.4249902004    0.816  1.060  3.7355  3.184    3  0.000  0.537     0.00     0.00     0.00     0.00     0.00 -1 -4.05e-12      0.00 7.613e-01 2.385e-01 4.546e-05 1.243e-05 1.129e-04 -1.000 2.682e-04 2.120 2.155 2.515 1.612
0.00024632 -1.80000 10.04139 0.8188135624 2.4251304998    0.816  1.111  3.7338  3.127    3  0.000  0.537     0.00     0.00     0.00     0.00     0.00 -1 -4.85e-12      0.00 7.595e-01 2.402e-01 4.558e-05 1.247e-05 1.132e-04 -1.000 2.643e-04 1.994 2.030 2.394 1.484
0.00024632 -1.80000 10.04139 0.8192021251 2.4252592442    0.817  1.161  3.7323  3.070    3  0.000  0.536     0.00     0.00     0.00     0.00     0.00 -1 -5.81e-12      0.00 7.580e-01 2.417e-01 4.565e-05 1.250e-05 1.135e-04 -1.000 2.537e-04 1.868 1.906 2.273 1.357
0.00024632 -1.80000 10.04139 0.8195509315 2.4253746964    0.817  1.210  3.7307  3.016    3  0.000  0.536     0.00     0.00     0.00     0.00     0.00 -1 -6.92e-12      0.00 7.566e-01 2.431e-01 4.566e-05 1.255e-05 1.137e-04 -1.000 2.418e-04 1.746 1.786 2.155 1.233
0.00024632 -1.80000 10.04139 0.8198558092 2.4254755160    0.817  1.256  3.7293  2.964    3  0.000  0.534     0.00     0.00     0.00     0.00     0.00 -1 -8.17e-12      0.00 7.554e-01 2.444e-01 4.562e-05 1.261e-05 1.139e-04 -1.000 2.597e-04 1.631 1.672 2.043 1.116
0.00024632 -1.80000 10.04139 0.8201528192 2.4255736509    0.817  1.305  3.7278  2.909    3  0.000  0.533     0.00     0.00     0.00     0.00     0.00 -1 -9.74e-12      0.00 7.542e-01 2.455e-01 4.551e-05 1.271e-05 1.140e-04 -1.000 2.678e-04 1.508 1.551 1.925 0.992
0.00024632 -1.80000 10.04139 0.8204377294 2.4256677112    0.818  1.356  3.7262  2.851    3  0.000  0.531     0.00     0.00     0.00     0.00     0.00 -1 -1.17e-11      0.00 7.532e-01 2.465e-01 4.535e-05 1.286e-05 1.141e-04 -1.000 2.631e-04 1.380 1.424 1.801 0.863
0.00024632 -1.80000 10.04139 0.8206766248 2.4257465222    0.818  1.403  3.7247  2.798    3  0.000  0.528     0.00     0.00     0.00     0.00     0.00 -1 -1.39e-11      0.00 7.524e-01 2.474e-01 4.518e-05 1.302e-05 1.142e-04 -1.000 2.589e-04 1.263 1.308 1.689 0.744
0.00024632 -1.80000 10.04139 0.8208944201 2.4258183265    0.818  1.449  3.7231  2.746    3  0.000  0.526     0.00     0.00     0.00     0.00     0.00 -1 -1.64e-11      0.00 7.517e-01 2.480e-01 4.502e-05 1.320e-05 1.143e-04 -1.000 2.676e-04 1.147 1.194 1.577 0.627
0.00024632 -1.80000 10.04139 0.8210992813 2.4258858265    0.818  1.497  3.7216  2.692    3  0.000  0.524     0.00     0.00     0.00     0.00     0.00 -1 -1.95e-11      0.00 7.512e-01 2.485e-01 4.486e-05 1.337e-05 1.143e-04 -1.000 2.654e-04 1.027 1.076 1.462 0.506
0.00024632 -1.80000 10.04139 0.8212803602 2.4259454582    0.818  1.543  3.7200  2.639    3  0.000  0.523     0.00     0.00     0.00     0.00     0.00 -1  -2.3e-11      0.00 7.508e-01 2.489e-01 4.473e-05 1.350e-05 1.144e-04 -1.000 2.638e-04 0.912 0.962 1.352 0.389
0.00024632 -1.80000 10.04139 0.8214525580 2.4260021373    0.818  1.591  3.7183  2.585    3  0.000  0.522     0.00     0.00     0.00     0.00     0.00 -1 -2.74e-11      0.00 7.505e-01 2.492e-01 4.464e-05 1.360e-05 1.144e-04 -1.000 2.661e-04 0.792 0.845 1.237 0.268
0.00024632 -1.80000 10.04139 0.8216043711 2.4260520840    0.818  1.637  3.7167  2.532    3  0.000  0.521     0.00     0.00     0.00     0.00     0.00 -1 -3.23e-11      0.00 7.504e-01 2.494e-01 4.459e-05 1.366e-05 1.144e-04 -1.000 2.682e-04 0.677 0.731 1.127 0.152
0.00024632 -1.80000 10.04139 0.8217394352 2.4260965024    0.818  1.682  3.7150  2.481    3  0.000  0.521     0.00     0.00     0.00     0.00     0.00 -1  -3.8e-11      0.00 7.503e-01 2.495e-01 4.455e-05 1.370e-05 1.144e-04 -1.000 2.681e-04 0.565 0.622 1.021 0.039
0.00024632 -1.80000 10.04139 0.8218681216 2.4261388078    0.817  1.728  3.7133  2.427    3  0.000  0.520     0.00     0.00     0.00     0.00     0.00 -1  -4.5e-11      0.00 7.502e-01 2.495e-01 4.454e-05 1.371e-05 1.144e-04 -1.000 2.682e-04 0.449 0.507 0.911 -0.079
0.00024632 -1.80000 10.04139 0.8219846487 2.4261771027    0.817  1.774  3.7116  2.375    3  0.000  0.520     0.00     0.00     0.00     0.00     0.00 -1 -5.31e-11      0.00 7.502e-01 2.495e-01 4.454e-05 1.372e-05 1.144e-04 -1.000 2.682e-04 0.335 0.395 0.802 -0.195
0.00024632 -1.80000 10.04139 0.8220872283 2.4262108036    0.817  1.818  3.7099  2.324    3  0.000  0.520     0.00     0.00     0.00     0.00     0.00 -1 -6.23e-11      0.00 7.502e-01 2.495e-01 4.454e-05 1.372e-05 1.144e-04 -1.000 2.682e-04 0.226 0.287 0.698 -0.306
0.00024632 -1.80000 10.04139 0.8221814036 2.4262417349    0.817  1.861  3.7082  2.274    3  0.000  0.520     0.00     0.00     0.00     0.00     0.00 -1 -7.29e-11      0.00 7.502e-01 2.495e-01 4.454e-05 1.372e-05 1.144e-04 -1.000 2.683e-04 0.118 0.181 0.596 -0.416
0.00024632 -1.80000 10.04139 0.8222725987 2.4262716797    0.817  1.906  3.7065  2.222    3  0.000  0.520     0.00     0.00     0.00     0.00     0.00 -1  -8.6e-11      0.00 7.502e-01 2.495e-01 4.453e-05 1.373e-05 1.144e-04 -1.000 2.681e-04 0.004 0.070 0.489 -0.531
0.00024632 -1.80000 10.04139 0.8223524094 2.4262978799    0.816  1.949  3.7047  2.171    3  0.000  0.520     0.00     0.00     0.00     0.00     0.00 -1 -1.01e-10      0.00 7.502e-01 2.495e-01 4.453e-05 1.373e-05 1.144e-04 -1.000 2.681e-04 -0.103 -0.035 0.389 -0.640
0.00024632 -1.80000 10.04139 0.8224257827 2.4263219618    0.816  1.992  3.7029  2.121    3  0.000  0.520     0.00     0.00     0.00     0.00     0.00 -1 -1.18e-10      0.00 7.502e-01 2.495e-01 4.453e-05 1.373e-05 1.144e-04 -1.000 2.682e-04 -0.210 -0.139 0.289 -0.748
0.00024632 -1.80000 10.04139 0.8224953413 2.4263447871    0.816  2.035  3.7012  2.071    3  0.000  0.520     0.00     0.00     0.00     0.00     0.00 -1 -1.38e-10      0.00 7.502e-01 2.495e-01 4.453e-05 1.373e-05 1.144e-04 -1.000 2.681e-04 -0.318 -0.244 0.187 -0.857
0.00024632 -1.80000 10.04139 0.8225564957 2.4263648509    0.815  2.076  3.6993  2.023    3  0.000  0.520     0.00     0.00     0.00     0.00     0.00 -1  -1.6e-10      0.00 7.502e-01 2.495e-01 4.453e-05 1.374e-05 1.144e-04 -1.000 2.682e-04 -0.419 -0.343 0.094 -0.960
0.00024632 -1.80000 10.04139 0.8226153851 2.4263841683    0.815  2.116  3.6976  1.975    3  0.000  0.520     0.00     0.00     0.00     0.00     0.00 -1 -1.85e-10      0.00 7.502e-01 2.495e-01 4.453e-05 1.374e-05 1.144e-04 -1.000 2.682e-04 -0.521 -0.441 -0.000 -1.062
0.00024632 -1.80000 10.04139 0.8226765394 2.4264042254    0.814  2.155  3.6960  1.930    3  0.000  0.520     0.00     0.00     0.00     0.00     0.00 -1 -2.14e-10      0.00 7.502e-01 2.496e-01 4.452e-05 1.374e-05 1.144e-04 -1.000 2.682e-04 -0.617 -0.535 -0.089 -1.159
0.00024632 -1.80000 10.04139 0.8227311969 2.4264221487    0.814  2.179  3.6950  1.901    3  0.000  0.520     0.00     0.00     0.00     0.00     0.00 -1 -2.35e-10      0.00 7.502e-01 2.496e-01 4.452e-05 1.374e-05 1.144e-04 -1.000 2.682e-04 -0.679 -0.595 -0.146 -1.222
0.00024632 -1.80000 10.04139 0.8227683902 2.4264343436    0.814  2.167  3.6958  1.916    3  0.000  0.520     0.00     0.00     0.00     0.00     0.00 -1 -2.26e-10      0.00 7.502e-01 2.496e-01 4.452e-05 1.374e-05 1.144e-04 -1.000 2.682e-04 -0.648 -0.565 -0.119 -1.191
0.00024632 -1.80000 10.04139 0.8227733374 2.4264359656    0.814  2.166  3.6959  1.919    3  0.000  0.520     0.00     0.00     0.00     0.00     0.00 -1 -2.25e-10      0.00 7.502e-01 2.496e-01 4.452e-05 1.374e-05 1.144e-04 -1.000 2.681e-04 -0.644 -0.562 -0.116 -1.187
0.00024632 -1.80000 10.04139 0.8228013515 2.4264451499    0.813  2.192  3.6947  1.887    3  0.000  0.520     0.00     0.00     0.00     0.00     0.00 -1 -2.46e-10      0.00 7.502e-01 2.496e-01 4.452e-05 1.374e-05 1.144e-04 -1.000 2.683e-04 -0.710 -0.625 -0.176 -1.253
0.00024632 -1.80000 10.04139 0.8228438497 2.4264590813    0.813  2.234  3.6928  1.837    3  0.000  0.520     0.00     0.00     0.00     0.00     0.00 -1 -2.85e-10      0.00 7.502e-01 2.496e-01 4.452e-05 1.375e-05 1.144e-04 -1.000 2.682e-04 -0.814 -0.727 -0.272 -1.359
0.00024632 -1.80000 10.04139 0.8228833675 2.4264720343    0.812  2.275  3.6909  1.788    3  0.000  0.520     0.00     0.00     0.00     0.00     0.00 -1 -3.32e-10      0.00 7.502e-01 2.496e-01 4.452e-05 1.375e-05 1.144e-04 -1.000 2.682e-04 -0.917 -0.826 -0.366 -1.463
0.00024632 -1.80000 10.04139 0.8229198456 2.4264839896    0.812  2.315  3.6889  1.740    3  0.000  0.520     0.00     0.00     0.00     0.00     0.00 -1 -3.85e-10      0.00 7.502e-01 2.496e-01 4.452e-05 1.375e-05 1.144e-04 -1.000 2.682e-04 -1.018 -0.923 -0.458 -1.565
0.00024632 -1.80000 10.04139 0.8229519129 2.4264944983    0.811  2.353  3.6871  1.694    3  0.000  0.520     0.00     0.00     0.00     0.00     0.00 -1 -4.43e-10      0.00 7.502e-01 2.496e-01 4.452e-05 1.375e-05 1.144e-04 -1.000 2.681e-04 -1.113 -1.014 -0.543 -1.660
0.00024632 -1.80000 10.04139 0.8229830861 2.4265047132    0.810  2.393  3.6852  1.647    3  0.000  0.520     0.00     0.00     0.00     0.00     0.00 -1 -5.13e-10      0.00 7.502e-01 2.496e-01 4.452e-05 1.375e-05 1.144e-04 -1.000 2.682e-04 -1.211 -1.108 -0.632 -1.759
0.00024632 -1.80000 10.04139 0.8230105639 2.4265137163    0.810  2.430  3.6833  1.602    3  0.000  0.520     0.00     0.00     0.00     0.00     0.00 -1 -5.89e-10      0.00 7.502e-01 2.496e-01 4.452e-05 1.375e-05 1.144e-04 -1.000 2.682e-04 -1.304 -1.197 -0.714 -1.854
0.00024632 -1.80000 10.04139 0.8230372071 2.4265224454    0.809  2.468  3.6815  1.556    3  0.000  0.520     0.00     0.00     0.00     0.00     0.00 -1 -6.78e-10      0.00 7.502e-01 2.496e-01 4.452e-05 1.375e-05 1.144e-04 -1.000 2.682e-04 -1.400 -1.290 -0.800 -1.953
0.00024632 -1.80000 10.04139 0.8230608702 2.4265301975    0.808  2.505  3.6795  1.511    3  0.000  0.520     6.57     5.25     3.73     2.88     2.33  3 -7.77e-10      0.00 7.502e-01 2.496e-01 4.452e-05 1.375e-05 1.144e-04 -1.000 2.681e-04 -1.491 -1.378 -0.880 -2.046
0.00024632 -1.80000 10.04139 0.8230884075 2.4265392183    0.807  2.550  3.6772  1.456    3  0.000  0.520     7.38     5.80     4.11     3.18     2.57  3 -9.19e-10      0.00 7.501e-01 2.496e-01 4.452e-05 1.375e-05 1.144e-04 -1.000 2.682e-04 -1.605 -1.486 -0.978 -2.162
0.00024632 -1.80000 10.04139 0.8231129050 2.4265472426    0.806  2.593  3.6749  1.403    3  0.000  0.520     8.26     6.38     4.50     3.48     2.82  3 -1.08e-09      0.00 7.501e-01 2.496e-01 4.451e-05 1.375e-05 1.144e-04 -1.000 2.683e-04 -1.713 -1.589 -1.070 -2.273
0.00024632 -1.80000 10.04139 0.8231320977 2.4265535290    0.805  2.630  3.6729  1.357    3  0.000  0.520     9.08     6.92     4.87     3.77     3.05  3 -1.24e-09      0.00 7.501e-01 2.496e-01 4.451e-05 1.376e-05 1.144e-04 -1.000 2.682e-04 -1.805 -1.675 -1.146 -2.367
0.00024632 -1.80000 10.04139 0.8231526017 2.4265602444    0.804  2.672  3.6706  1.306    3  0.000  0.520    10.12     7.59     5.31     4.12     3.34  3 -1.45e-09      0.00 7.501e-01 2.496e-01 4.451e-05 1.376e-05 1.144e-04 -1.000 2.682e-04 -1.909 -1.773 -1.233 -2.473
0.00024632 -1.80000 10.04139 0.8231689334 2.4265655931    0.803  2.707  3.6687  1.262    3  0.000  0.520    11.10     8.22     5.73     4.45     3.61  3 -1.65e-09      0.00 7.501e-01 2.496e-01 4.451e-05 1.376e-05 1.144e-04 -1.000 2.682e-04 -1.998 -1.855 -1.305 -2.564
0.00024632 -1.80000 10.04139 0.8231862187 2.4265712538    0.801  2.747  3.6664  1.212    3  0.000  0.520    12.33     8.99     6.24     4.86     3.94  3 -1.92e-09      0.00 7.501e-01 2.496e-01 4.451e-05 1.376e-05 1.144e-04 -1.000 2.681e-04 -2.097 -1.947 -1.384 -2.665
0.00024632 -1.80000 10.04139 0.8232027292 2.4265766605    0.800  2.788  3.6640  1.161    3  0.000  0.520    13.73     9.85     6.81     5.31     4.30  2 -2.24e-09      0.00 7.501e-01 2.496e-01 4.451e-05 1.376e-05 1.144e-04 -1.000 2.681e-04 -2.199 -2.041 -1.464 -2.769
0.00024632 -1.80000 10.04139 0.8232181668 2.4265817157    0.798  2.829  3.6616  1.110    3  0.000  0.520    15.30    10.81     7.44     5.81     4.71  2 -2.62e-09      0.00 7.501e-01 2.496e-01 4.451e-05 1.376e-05 1.144e-04 -1.000 2.682e-04 -2.302 -2.134 -1.541 -2.873
0.00024632 -1.80000 10.04139 0.8232315779 2.4265861071    0.796  2.866  3.6594  1.062    3  0.000  0.520    16.91    11.77     8.07     6.31     5.11  2 -3.02e-09      0.00 7.501e-01 2.496e-01 4.451e-05 1.376e-05 1.144e-04 -1.000 2.681e-04 -2.396 -2.219 -1.612 -2.968
0.00024632 -1.80000 10.04139 0.8232446909 2.4265904007    0.794  2.906  3.6570  1.012    3  0.000  0.520    18.79    12.87     8.80     6.88     5.58  2  -3.5e-09      0.00 7.501e-01 2.496e-01 4.451e-05 1.376e-05 1.144e-04 -1.000 2.682e-04 -2.494 -2.306 -1.684 -3.066
0.00024632 -1.80000 10.04139 0.8232560754 2.4265941282    0.793  2.942  3.6548  0.966    3  0.000  0.520    20.71    13.99     9.52     7.46     6.05  2 -4.02e-09      0.00 7.501e-01 2.496e-01 4.451e-05 1.376e-05 1.144e-04 -1.000 2.683e-04 -2.585 -2.387 -1.752 -3.155
0.00024632 -1.80000 10.04139 0.8232671022 2.4265977385    0.790  2.980  3.6525  0.918    3  0.000  0.520    22.90    15.24    10.33     8.11     6.58  2 -4.64e-09      0.00 7.501e-01 2.496e-01 4.451e-05 1.376e-05 1.144e-04 -1.000 2.682e-04 -2.679 -2.469 -1.820 -3.246
0.00024632 -1.80000 10.04139 0.8232774138 2.4266011145    0.788  3.017  3.6501  0.870    3  0.000  0.520    25.33    16.61    11.22     8.82     7.15  1 -5.35e-09      0.00 7.501e-01 2.496e-01 4.451e-05 1.376e-05 1.145e-04 -1.000 2.682e-04 -2.772 -2.549 -1.886 -3.336
0.00024632 -1.80000 10.04139 0.8232864738 2.4266040807    0.786  3.051  3.6480  0.826    3  0.000  0.520    27.80    17.97    12.10     9.52     7.72  1  -6.1e-09      0.00 7.501e-01 2.496e-01 4.451e-05 1.376e-05 1.145e-04 -1.000 2.682e-04 -2.858 -2.624 -1.948 -3.419
0.00024632 -1.80000 10.04139 0.8232952356 2.4266069492    0.783  3.086  3.6457  0.780    3  0.000  0.520    30.60    19.51    13.08    10.31     8.36  1 -6.98e-09      0.00 7.501e-01 2.496e-01 4.451e-05 1.376e-05 1.145e-04 -1.000 2.682e-04 -2.945 -2.698 -2.009 -3.503
0.00024632 -1.80000 10.04139 0.8233034611 2.4266096420    0.780  3.121  3.6434  0.735    3  0.000  0.520    33.66    21.15    14.13    11.15     9.05  1 -7.98e-09      0.00 7.501e-01 2.496e-01 4.451e-05 1.376e-05 1.145e-04 -1.000 2.682e-04 -3.032 -2.773 -2.070 -3.586
0.00024632 -1.80000 10.04139 0.8233108521 2.4266120616    0.777  3.154  3.6413  0.692    3  0.000  0.520    36.85    22.85    15.21    12.01     9.75  1 -9.06e-09      0.00 7.501e-01 2.496e-01 4.451e-05 1.376e-05 1.145e-04 -1.000 2.682e-04 -3.114 -2.843 -2.127 -3.665
0.00024632 -1.80000 10.04139 0.8233183026 2.4266145006    0.774  3.188  3.6390  0.646    3  0.000  0.520    40.56    24.78    16.43    13.00    10.55  1 -1.04e-08      0.00 7.501e-01 2.496e-01 4.451e-05 1.376e-05 1.145e-04 -1.000 2.682e-04 -3.201 -2.916 -2.185 -3.747
0.00024632 -1.80000 10.04139 0.8233249187 2.4266166664    0.770  3.221  3.6369  0.604    3  0.000  0.520    44.35    26.73    17.67    13.99    11.36  1 -1.18e-08      0.00 7.501e-01 2.496e-01 4.451e-05 1.376e-05 1.145e-04 -1.000 2.682e-04 -3.281 -2.983 -2.238 -3.822
0.00024632 -1.80000 10.04139 0.8233313560 2.4266187737    0.767  3.252  3.6348  0.561    3  0.000  0.520    48.46    28.82    18.98    15.05    12.22  1 -1.33e-08      0.00 7.501e-01 2.496e-01 4.451e-05 1.376e-05 1.145e-04 -1.000 2.682e-04 -3.361 -3.048 -2.289 -3.896
0.00024632 -1.80000 10.04139 0.8233367205 2.4266205297    0.763  3.277  3.6331  0.528    3  0.000  0.520    51.99    30.59    20.09    15.95    12.95  1 -1.48e-08      0.00 7.501e-01 2.496e-01 4.451e-05 1.376e-05 1.145e-04 -1.000 2.682e-04 -3.423 -3.100 -2.330 -3.955
0.00024632 -1.80000 10.04139 0.8233367205 2.4266205297    0.763  1.711  3.8196  2.840    4  0.000  0.529     0.00     0.00     0.00     0.00     0.00 -1    -1e-30      0.00 7.513e-01 2.484e-01 4.560e-05 1.308e-05 1.151e-04 -1.000 2.681e-04 0.493 0.469 0.668 0.123
0.00024632 -1.80000 10.04139 0.8233848810 2.4266362936    0.763  1.732  3.8102  2.781    4  0.000  0.529     0.00     0.00     0.00     0.00     0.00 -1    -1e-30      0.00 7.513e-01 2.484e-01 4.560e-05 1.308e-05 1.151e-04 -1.000 2.682e-04 0.439 0.418 0.632 0.050
0.00024632 -1.80000 10.04139 0.8234338760 2.4266523285    0.763  1.734  3.8105  2.780    4  0.000  0.529     0.00     0.00     0.00     0.00     0.00 -1    -1e-30      0.00 7.513e-01 2.484e-01 4.560e-05 1.308e-05 1.151e-04 -1.000 2.683e-04 0.434 0.413 0.626 0.046
0.00024632 -1.80000 10.04139 0.8234837055 2.4266686342    0.763  1.735  3.8114  2.783    4  0.000  0.529     0.00     0.00     0.00     0.00     0.00 -1    -1e-30      0.00 7.513e-01 2.484e-01 4.560e-05 1.308e-05 1.151e-04 -1.000 2.681e-04 0.433 0.411 0.623 0.046
0.00024632 -1.80000 10.04139 0.8235329986 2.4266847621    0.763  1.735  3.8125  2.787    4  0.000  0.529     0.00     0.00     0.00     0.00     0.00 -1    -1e-30      0.00 7.513e-01 2.484e-01 4.560e-05 1.308e-05 1.151e-04 -1.000 2.682e-04 0.432 0.410 0.620 0.047
0.00024632 -1.80000 10.04139 0.8235840201 2.4267014533    0.763  1.735  3.8138  2.793    4  0.000  0.529     0.00     0.00     0.00     0.00     0.00 -1    -1e-30      0.00 7.513e-01 2.484e-01 4.560e-05 1.308e-05 1.151e-04 -1.000 2.682e-04 0.432 0.409 0.617 0.050
0.00024632 -1.80000 10.04139 0.8236336708 2.4267176937    0.764  1.735  3.8152  2.799    4  0.000  0.529     0.00     0.00     0.00     0.00     0.00 -1    -1e-30      0.00 7.513e-01 2.484e-01 4.560e-05 1.308e-05 1.151e-04 -1.000 2.682e-04 0.432 0.409 0.614 0.053
0.00024632 -1.80000 10.04139 0.8236871362 2.4267351793    0.764  1.735  3.8168  2.805    4  0.000  0.529     0.00     0.00     0.00     0.00     0.00 -1    -1e-30      0.00 7.513e-01 2.484e-01 4.560e-05 1.308e-05 1.151e-04 -1.000 2.681e-04 0.433 0.409 0.612 0.057
0.00024632 -1.80000 10.04139 0.8237374425 2.4267516294    0.764  1.734  3.8183  2.812    4  0.000  0.529     0.00     0.00     0.00     0.00     0.00 -1    -1e-30      0.00 7.513e-01 2.484e-01 4.560e-05 1.308e-05 1.151e-04 -1.000 2.683e-04 0.434 0.410 0.610 0.061
0.00024632 -1.80000 10.04139 0.8237893581 2.4267686033    0.764  1.734  3.8198  2.818    4  0.000  0.529     0.00     0.00     0.00     0.00     0.00 -1    -1e-30      0.00 7.513e-01 2.484e-01 4.560e-05 1.308e-05 1.151e-04 -1.000 2.682e-04 0.435 0.410 0.608 0.065
0.00024632 -1.80000 10.04139 0.8238385320 2.4267846785    0.764  1.734  3.8208  2.823    4  0.000  0.529     0.00     0.00     0.00     0.00     0.00 -1    -1e-30      0.00 7.513e-01 2.484e-01 4.560e-05 1.308e-05 1.151e-04 -1.000 2.682e-04 0.436 0.411 0.607 0.068
0.00024632 -1.80000 10.04139 0.8238920569 2.4268021736    0.764  1.734  3.8218  2.827    4  0.000  0.529     0.00     0.00     0.00     0.00     0.00 -1    -1e-30      0.00 7.513e-01 2.484e-01 4.560e-05 1.308e-05 1.151e-04 -1.000 2.681e-04 0.436 0.411 0.605 0.070
0.00024632 -1.80000 10.04139 0.8239457607 2.4268197246    0.764  1.734  3.8223  2.829    4  0.000  0.529     0.00     0.00     0.00     0.00     0.00 -1    -1e-30      0.00 7.513e-01 2.484e-01 4.560e-05 1.308e-05 1.151e-04 -1.000 2.682e-04 0.436 0.410 0.604 0.071
0.00024632 -1.80000 10.04139 0.8239967823 2.4268363965    0.764  1.734  3.8225  2.829    4  0.000  0.529     0.00     0.00     0.00     0.00     0.00 -1    -1e-30      0.00 7.513e-01 2.484e-01 4.560e-05 1.308e-05 1.151e-04 -1.000 2.682e-04 0.436 0.410 0.603 0.071
0.00024632 -1.80000 10.04139 0.8240475655 2.4268529882    0.764  1.734  3.8222  2.828    4  0.000  0.529     0.00     0.00     0.00     0.00     0.00 -1    -1e-30      0.00 7.513e-01 2.484e-01 4.560e-05 1.308e-05 1.151e-04 -1.000 2.682e-04 0.434 0.409 0.603 0.069
0.00024632 -1.80000 10.04139 0.8240535259 2.4268549354    0.764  1.734  3.8221  2.827    4  0.000  0.529     0.00     0.00     0.00     0.00     0.00 -1    -1e-30      0.00 7.513e-01 2.484e-01 4.560e-05 1.308e-05 1.151e-04 -1.000 2.682e-04 0.434 0.409 0.603 0.069
0.00024632 -1.80000 10.04139 0.8240588307 2.4268566684    0.764  1.734  3.8220  2.827    4  0.000  0.529     0.00     0.00     0.00     0.00     0.00 -1    -1e-30      0.00 7.513e-01 2.484e-01 4.560e-05 1.308e-05 1.151e-04 -1.000 2.682e-04 0.434 0.408 0.603 0.069
0.00024632 -1.80000 10.04139 0.8241072297 2.4268724784    0.764  1.735  3.8212  2.823    4  0.000  0.529     0.00     0.00     0.00     0.00     0.00 -1    -1e-30      0.00 7.513e-01 2.484e-01 4.560e-05 1.308e-05 1.151e-04 -1.000 2.682e-04 0.432 0.407 0.602 0.065
0.00024632 -1.80000 10.04139 0.8241582513 2.4268891428    0.764  1.736  3.8197  2.816    4  0.000  0.529     0.00     0.00     0.00     0.00     0.00 -1    -1e-30      0.00 7.513e-01 2.484e-01 4.560e-05 1.308e-05 1.151e-04 -1.000 2.682e-04 0.429 0.404 0.602 0.059
0.00024632 -1.80000 10.04139 0.8242089748 2.4269057076    0.764  1.738  3.8177  2.806    4  0.000  0.529     0.00     0.00     0.00     0.00     0.00 -1    -1e-30      0.00 7.513e-01 2.484e-01 4.560e-05 1.308e-05 1.151e-04 -1.000 2.683e-04 0.425 0.401 0.602 0.051
0.00024632 -1.80000 10.04139 0.8242593408 2.4269221532    0.764  1.740  3.8151  2.794    4  0.000  0.529     0.00     0.00     0.00     0.00     0.00 -1    -1e-30      0.00 7.513e-01 2.484e-01 4.560e-05 1.308e-05 1.151e-04 -1.000 2.683e-04 0.420 0.397 0.602 0.041
0.00024632 -1.80000 10.04139 0.8243080378 2.4269380517    0.764  1.742  3.8121  2.780    4  0.000  0.529     0.00     0.00     0.00     0.00     0.00 -1    -1e-30      0.00 7.513e-01 2.484e-01 4.560e-05 1.308e-05 1.151e-04 -1.000 2.682e-04 0.415 0.392 0.603 0.029
0.00024632 -1.80000 10.04139 0.8243573308 2.4269541425    0.764  1.745  3.8083  2.762    4  0.000  0.529     0.00     0.00     0.00     0.00     0.00 -1    -1e-30      0.00 7.513e-01 2.484e-01 4.560e-05 1.308e-05 1.151e-04 -1.000 2.682e-04 0.408 0.387 0.605 0.015
0.00024632 -1.80000 10.04139 0.8244076371 2.4269705619    0.764  1.748  3.8040  2.742    4  0.000  0.529     0.00     0.00     0.00     0.00     0.00 -1    -1e-30      0.00 7.513e-01 2.484e-01 4.560e-05 1.308e-05 1.151e-04 -1.000 2.681e-04 0.401 0.382 0.607 -0.000
0.00024632 -1.80000 10.04139 0.8244318962 2.4269784789    0.764  1.749  3.8019  2.732    4  0.000  0.529     0.00     0.00     0.00     0.00     0.00 -1    -1e-30      0.00 7.513e-01 2.484e-01 4.560e-05 1.308e-05 1.151e-04 -1.000 2.682e-04 0.397 0.379 0.608 -0.008
0.00024632 -1.80000 10.04139 0.8244407177 2.4269813577    0.764  1.750  3.8010  2.727    4  0.000  0.529     0.00     0.00     0.00     0.00     0.00 -1    -1e-30      0.00 7.513e-01 2.484e-01 4.560e-05 1.308e-05 1.151e-04 -1.000 2.682e-04 0.395 0.378 0.608 -0.011
0.00024632 -1.80000 10.04139 0.8244928122 2.4269983567    0.764  1.754  3.7957  2.702    4  0.000  0.529     0.00     0.00     0.00     0.00     0.00 -1    -1e-30      0.00 7.513e-01 2.484e-01 4.560e-05 1.308e-05 1.151e-04 -1.000 2.682e-04 0.386 0.372 0.611 -0.031
0.00024632 -1.80000 10.04139 0.8245435953 2.4270149254    0.765  1.758  3.7906  2.678    4  0.000  0.529     0.00     0.00     0.00     0.00     0.00 -1    -1e-30      0.00 7.513e-01 2.484e-01 4.560e-05 1.308e-05 1.151e-04 -1.000 2.682e-04 0.375 0.365 0.613 -0.050
0.00024632 -1.80000 10.04139 0.8245978951 2.4270326389    0.765  1.763  3.7849  2.651    4  0.000  0.529     0.00     0.00     0.00     0.00     0.00 -1    -1e-30      0.00 7.513e-01 2.484e-01 4.560e-05 1.308e-05 1.151e-04 -1.000 2.682e-04 0.364 0.356 0.615 -0.071
0.00024632 -1.80000 10.04139 0.8246495128 2.4270494749    0.765  1.768  3.7796  2.624    4  0.000  0.529     0.00     0.00     0.00     0.00     0.00 -1    -1e-30      0.00 7.513e-01 2.484e-01 4.560e-05 1.308e-05 1.151e-04 -1.000 2.682e-04 0.351 0.347 0.615 -0.092
0.00024632 -1.80000 10.04139 0.8246990442 2.4270656282    0.765  1.773  3.7753  2.602    4  0.000  0.529     0.00     0.00     0.00     0.00     0.00 -1    -1e-30      0.00 7.513e-01 2.484e-01 4.560e-05 1.308e-05 1.151e-04 -1.000 2.682e-04 0.338 0.337 0.613 -0.112
0.00024632 -1.80000 10.04139 0.8247501254 2.4270822846    0.765  1.779  3.7713  2.580    4  0.000  0.529     0.00     0.00     0.00     0.00     0.00 -1    -1e-30      0.00 7.513e-01 2.484e-01 4.560e-05 1.308e-05 1.151e-04 -1.000 2.682e-04 0.323 0.326 0.610 -0.133
0.00024632 -1.80000 10.04139 0.8248001933 2.4270986082    0.765  1.784  3.7682  2.562    4  0.000  0.529     0.00     0.00     0.00     0.00     0.00 -1    -1e-30      0.00 7.513e-01 2.484e-01 4.560e-05 1.308e-05 1.151e-04 -1.000 2.682e-04 0.309 0.314 0.603 -0.151
0.00024632 -1.80000 10.04139 0.8248509169 2.4271151433    0.765  1.790  3.7653  2.544    4  0.000  0.529     0.00     0.00     0.00     0.00     0.00 -1    -1e-30      0.00 7.513e-01 2.484e-01 4.560e-05 1.308e-05 1.151e-04 -1.000 2.682e-04 0.294 0.301 0.596 -0.171
0.00024632 -1.80000 10.04139 0.8249015212 2.4271316372    0.765  1.797  3.7626  2.527    4  0.000  0.529     0.00     0.00     0.00     0.00     0.00 -1    -1e-30      0.00 7.513e-01 2.484e-01 4.560e-05 1.308e-05 1.151e-04 -1.000 2.682e-04 0.276 0.285 0.586 -0.192
0.00024632 -1.80000 10.04139 0.8249526024 2.4271482842    0.765  1.804  3.7603  2.511    4  0.000  0.529     0.00     0.00     0.00     0.00     0.00 -1    -1e-30      0.00 7.513e-01 2.484e-01 4.560e-05 1.308e-05 1.151e-04 -1.000 2.681e-04 0.260 0.271 0.575 -0.212
0.00024632 -1.80000 10.04139 0.8249627352 2.4271515861    0.765  1.794  3.7644  2.537    4  0.000  0.529     0.00     0.00     0.00     0.00     0.00 -1    -1e-30      0.00 7.513e-01 2.484e-01 4.560e-05 1.308e-05 1.151e-04 -1.000 2.682e-04 0.285 0.292 0.589 -0.181
0.00024632 -1.80000 10.04139 0.8250150681 2.4271686380    0.765  1.810  3.7583  2.497    4  0.000  0.529     0.00     0.00     0.00     0.00     0.00 -1    -1e-30      0.00 7.513e-01 2.484e-01 4.560e-05 1.308e-05 1.151e-04 -1.000 2.682e-04 0.245 0.257 0.565 -0.230
0.00024632 -1.80000 10.04139 0.8250666261 2.4271854351    0.765  1.829  3.7529  2.456    4  0.000  0.529     0.00     0.00     0.00     0.00     0.00 -1    -1e-30      0.00 7.513e-01 2.484e-01 4.560e-05 1.308e-05 1.151e-04 -1.000 2.682e-04 0.197 0.213 0.532 -0.286
0.00024632 -1.80000 10.04139 0.8251100183 2.4271995699    0.765  1.860  3.7461  2.398    4  0.000  0.529     0.00     0.00     0.00     0.00     0.00 -1    -1e-30      0.00 7.513e-01 2.484e-01 4.560e-05 1.308e-05 1.151e-04 -1.000 2.682e-04 0.120 0.142 0.474 -0.371
0.00024632 -1.80000 10.04139 0.8251335025 2.4272072190    0.765  1.895  3.7394  2.337    4  0.000  0.529     0.00     0.00     0.00     0.00     0.00 -1    -1e-30      0.00 7.513e-01 2.484e-01 4.560e-05 1.308e-05 1.151e-04 -1.000 2.682e-04 0.033 0.061 0.406 -0.467
0.00024632 -1.80000 10.04139 0.8251441717 2.4272106940    0.765  1.931  3.7334  2.277    4  0.000  0.529     0.00     0.00     0.00     0.00     0.00 -1    -1e-30      0.00 7.513e-01 2.484e-01 4.560e-05 1.308e-05 1.151e-04 -1.000 2.682e-04 -0.056 -0.024 0.334 -0.565
0.00024632 -1.80000 10.04139 0.8251488805 2.4272122276    0.765  1.967  3.7281  2.219    4  0.000  0.529     0.00     0.00     0.00     0.00     0.00 -1    -1e-30      0.00 7.513e-01 2.484e-01 4.560e-05 1.308e-05 1.151e-04 -1.000 2.682e-04 -0.147 -0.110 0.259 -0.663
0.00024632 -1.80000 10.04139 0.8251511455 2.4272129653    0.765  2.003  3.7237  2.165    4  0.000  0.529     0.00     0.00     0.00     0.00     0.00 -1    -1e-30      0.00 7.513e-01 2.484e-01 4.560e-05 1.308e-05 1.151e-04 -1.000 2.682e-04 -0.238 -0.197 0.182 -0.759
0.00024632 -1.80000 10.04139 0.8251520395 2.4272132565    0.765  2.028  3.7211  2.131    7  0.000  0.529     0.00     0.00     0.00     0.00     0.00 -1    -1e-30      0.00 7.513e-01 2.484e-01 4.560e-05 1.308e-05 1.151e-04 -1.000 2.682e-04 -0.299 -0.255 0.130 -0.822
0.00024632 -1.80000 10.04139 0.8251526356 2.4272134506    0.765  2.050  3.7191  2.100    7  0.000  0.529     0.00     0.00     0.00     0.00     0.00 -1    -1e-30      0.00 7.513e-01 2.484e-01 4.560e-05 1.308e-05 1.151e-04 -1.000 2.682e-04 -0.354 -0.308 0.081 -0.880
0.00024632 -1.80000 10.04139 0.8251537085 2.4272138000    0.765  2.094  3.7154  2.041    7  0.000  0.529     0.00     0.00     0.00     0.00     0.00 -1    -1e-30      0.00 7.513e-01 2.484e-01 4.560e-05 1.308e-05 1.151e-04 -1.000 2.682e-04 -0.465 -0.414 -0.017 -0.994
0.00024632 -1.80000 10.04139 0.8251546025 2.4272140912    0.765  2.127  3.7129  1.998    7  0.000  0.529     0.00     0.00     0.00     0.00     0.00 -1    -1e-30      0.00 7.513e-01 2.484e-01 4.560e-05 1.308e-05 1.151e-04 -1.000 2.682e-04 -0.548 -0.494 -0.090 -1.080
0.00024632 -1.80000 10.04139 0.8251555562 2.4272144018    0.765  2.143  3.7118  1.978    7  0.000  0.529     0.00     0.00     0.00     0.00     0.00 -1    -1e-30      0.00 7.513e-01 2.484e-01 4.560e-05 1.308e-05 1.151e-04 -1.000 2.682e-04 -0.588 -0.533 -0.127 -1.121
0.00024632 -1.80000 10.04139 0.8251577020 2.4272151007    0.765  2.150  3.7115  1.970    7  0.000  0.529     0.00     0.00     0.00     0.00     0.00 -1    -1e-30      0.00 7.513e-01 2.484e-01 4.560e-05 1.308e-05 1.151e-04 -1.000 2.682e-04 -0.605 -0.550 -0.143 -1.139
0.00024632 -1.80000 10.04139 0.8251594901 2.4272156830    0.765  2.140  3.7123  1.983    7  0.000  0.529     0.00     0.00     0.00     0.00     0.00 -1    -1e-30      0.00 7.513e-01 2.484e-01 4.560e-05 1.308e-05 1.151e-04 -1.000 2.681e-04 -0.580 -0.525 -0.120 -1.112
0.00024632 -1.80000 10.04139 0.8251664042 2.4272179348    0.765  2.120  3.7137  2.008    7  0.000  0.529     0.00     0.00     0.00     0.00     0.00 -1    -1e-30      0.00 7.513e-01 2.484e-01 4.560e-05 1.308e-05 1.151e-04 -1.000 2.681e-04 -0.530 -0.477 -0.076 -1.061
0.00024632 -1.80000 10.04139 0.8251956701 2.4272274656    0.765  2.159  3.7105  1.957    7  0.000  0.529     0.00     0.00     0.00     0.00     0.00 -1    -1e-30      0.00 7.513e-01 2.484e-01 4.560e-05 1.308e-05 1.151e-04 -1.000 2.682e-04 -0.628 -0.571 -0.161 -1.162
0.00024632 -1.80000 10.04139 0.8252133727 2.4272332303    0.765  2.198  3.7076  1.906    7  0.000  0.529     0.00     0.00     0.00     0.00     0.00 -1    -1e-30      0.00 7.513e-01 2.484e-01 4.560e-05 1.308e-05 1.151e-04 -1.000 2.682e-04 -0.725 -0.664 -0.247 -1.262
0.00024632 -1.80000 10.04139 0.8252271414 2.4272377137    0.765  2.238  3.7048  1.855    7  0.000  0.529     0.00     0.00     0.00     0.00     0.00 -1    -1e-30      0.00 7.513e-01 2.484e-01 4.560e-05 1.308e-05 1.151e-04 -1.000 2.682e-04 -0.824 -0.759 -0.335 -1.364
0.00024632 -1.80000 10.04139 0.8252432942 2.4272429733    0.765  2.290  3.7013  1.789    7  0.000  0.529     0.00     0.00     0.00     0.00     0.00 -1    -1e-30      0.00 7.513e-01 2.484e-01 4.560e-05 1.308e-05 1.151e-04 -1.000 2.682e-04 -0.955 -0.884 -0.451 -1.498
0.00024632 -1.80000 10.04139 0.8252588511 2.4272480385    0.765  2.336  3.6983  1.731    7  0.000  0.529     0.00     0.00     0.00     0.00     0.00 -1    -1e-30      0.00 7.513e-01 2.484e-01 4.560e-05 1.308e-05 1.151e-04 -1.000 2.681e-04 -1.070 -0.994 -0.553 -1.615
0.00024632 -1.80000 10.04139 0.8252726793 2.4272525408    0.765  2.378  3.6956  1.678    7  0.000  0.529     0.00     0.00     0.00     0.00     0.00 -1    -1e-30      0.00 7.514e-01 2.484e-01 4.559e-05 1.308e-05 1.151e-04 -1.000 2.401e-04 -1.176 -1.095 -0.647 -1.722
0.00024632 -1.80000 10.04139 0.8252850771 2.4272565772    0.765  2.420  3.6930  1.626    7  0.000  0.529     0.00     0.00     0.00     0.00     0.00 -1    -1e-30      0.00 7.514e-01 2.484e-01 4.556e-05 1.309e-05 1.151e-04 -1.000 2.419e-04 -1.279 -1.194 -0.738 -1.827
0.00024632 -1.80000 10.04139 0.8252961040 2.4272601671    0.765  2.461  3.6904  1.575    7  0.000  0.527     0.00     0.00     0.00     0.00     0.00 -1    -1e-30      0.00 7.514e-01 2.484e-01 4.544e-05 1.315e-05 1.151e-04 -1.000 2.384e-04 -1.381 -1.291 -0.828 -1.931
0.00024632 -1.80000 10.04139 0.8253061175 2.4272634271    0.765  2.501  3.6879  1.524    7  0.000  0.522     6.27     5.05     3.60     2.78     2.25  3    -1e-30      0.00 7.513e-01 2.484e-01 4.507e-05 1.344e-05 1.151e-04 -1.000 2.416e-04 -1.483 -1.387 -0.917 -2.033
0.00024632 -1.80000 10.04139 0.8253151178 2.4272663571    0.765  2.542  3.6854  1.474    7  0.000  0.512     6.98     5.54     3.93     3.04     2.46  3    -1e-30      0.00 7.512e-01 2.485e-01 4.438e-05 1.415e-05 1.151e-04 -1.000 2.682e-04 -1.584 -1.482 -1.005 -2.135
0.00024632 -1.80000 10.04139 0.8253232837 2.4272690153    0.765  2.582  3.6828  1.423    7  0.000  0.500     7.77     6.07     4.28     3.32     2.69  3    -1e-30      0.00 7.512e-01 2.486e-01 4.344e-05 1.523e-05 1.151e-04 -1.000 2.656e-04 -1.685 -1.578 -1.091 -2.238
0.00024632 -1.80000 10.04139 0.8253307939 2.4272714601    0.765  2.622  3.6803  1.373    7  0.000  0.488     8.64     6.64     4.67     3.63     2.93  3    -1e-30      0.00 7.510e-01 2.487e-01 4.242e-05 1.645e-05 1.152e-04 -1.000 2.588e-04 -1.785 -1.673 -1.176 -2.342
0.00024632 -1.80000 10.04139 0.8253378272 2.4272737496    0.765  2.662  3.6777  1.323    7  0.000  0.477     9.61     7.27     5.09     3.96     3.20  3    -1e-30      0.00 7.509e-01 2.489e-01 4.147e-05 1.762e-05 1.152e-04 -1.000 2.596e-04 -1.884 -1.767 -1.258 -2.444
0.00024632 -1.80000 10.04139 0.8253445029 2.4272759227    0.765  2.701  3.6752  1.273    7  0.000  0.467    10.68     7.95     5.55     4.32     3.50  3    -1e-30      0.00 7.507e-01 2.490e-01 4.063e-05 1.865e-05 1.152e-04 -1.000 2.662e-04 -1.983 -1.859 -1.338 -2.546
0.00024632 -1.80000 10.04139 0.8253509402 2.4272780181    0.765  2.740  3.6726  1.224    7  0.000  0.459    11.86     8.70     6.04     4.71     3.81  2    -1e-30      0.00 7.506e-01 2.492e-01 3.992e-05 1.954e-05 1.152e-04 -1.000 2.590e-04 -2.081 -1.950 -1.415 -2.646
0.00024632 -1.80000 10.04139 0.8253572583 2.4272800747    0.765  2.780  3.6700  1.174    7  0.000  0.452    13.20     9.52     6.59     5.14     4.17  2    -1e-30      0.00 7.504e-01 2.493e-01 3.929e-05 2.031e-05 1.152e-04 -1.000 2.575e-04 -2.180 -2.042 -1.493 -2.749
0.00024632 -1.80000 10.04139 0.8253629208 2.4272819178    0.765  2.820  3.6674  1.124    7  0.000  0.446    14.68    10.43     7.19     5.62     4.55  2    -1e-30      0.00 7.502e-01 2.495e-01 3.874e-05 2.098e-05 1.151e-04 -1.000 2.682e-04 -2.279 -2.132 -1.569 -2.850
0.00024632 -1.80000 10.04139 0.8253682256 2.4272836445    0.765  2.862  3.6645  1.070    7  0.000  0.440    16.45    11.48     7.88     6.17     5.00  2    -1e-30      0.00 7.501e-01 2.496e-01 3.826e-05 2.159e-05 1.151e-04 -1.000 2.682e-04 -2.385 -2.227 -1.647 -2.957
0.00024632 -1.80000 10.04139 0.8253728747 2.4272851577    0.765  2.905  3.6616  1.015    7  0.000  0.436    18.50    12.69     8.67     6.80     5.51  2    -1e-30      0.00 7.499e-01 2.498e-01 3.783e-05 2.213e-05 1.150e-04 -1.000 2.682e-04 -2.493 -2.324 -1.725 -3.068
0.00024632 -1.80000 10.04139 0.8253764510 2.4272863217    0.765  2.945  3.6588  0.964    7  0.000  0.432    20.62    13.92     9.47     7.43     6.03  2    -1e-30      0.00 7.497e-01 2.500e-01 3.749e-05 2.259e-05 1.149e-04 -1.000 2.682e-04 -2.593 -2.412 -1.793 -3.169
0.00024632 -1.80000 10.04139 0.8253794909 2.4272873112    0.765  2.982  3.6562  0.916    7  0.000  0.430    22.79    15.16    10.28     8.07     6.55  1    -1e-30      0.00 7.496e-01 2.502e-01 3.721e-05 2.298e-05 1.147e-04 -1.000 2.683e-04 -2.685 -2.491 -1.856 -3.259
0.00024632 -1.80000 10.04139 0.8253824711 2.4272882812    0.765  3.021  3.6534  0.867    7  0.000  0.428    25.32    16.58    11.19     8.81     7.14  1    -1e-30      0.00 7.494e-01 2.503e-01 3.698e-05 2.335e-05 1.146e-04 -1.000 2.681e-04 -2.782 -2.574 -1.922 -3.352
0.00024632 -1.80000 10.04139 0.8253851533 2.4272891542    0.765  3.058  3.6507  0.819    7  0.000  0.427    28.02    18.07    12.15     9.57     7.76  1    -1e-30      0.00 7.493e-01 2.505e-01 3.681e-05 2.366e-05 1.144e-04 -1.000 2.682e-04 -2.874 -2.652 -1.986 -3.442
0.00024632 -1.80000 10.04139 0.8253876567 2.4272899690    0.765  3.108  3.6470  0.753    7  0.000  0.425    32.23    20.36    13.62    10.75     8.72  1    -1e-30      0.00 7.491e-01 2.506e-01 3.659e-05 2.414e-05 1.141e-04 -1.000 2.682e-04 -3.001 -2.760 -2.072 -3.563
0.00024632 -1.80000 10.04139 0.8253878355 2.4272900272    0.765  3.122  3.6459  0.735    7  0.000  0.425    33.48    21.03    14.05    11.09     9.00  1    -1e-30      0.00 7.491e-01 2.506e-01 3.656e-05 2.420e-05 1.141e-04 -1.000 2.681e-04 -3.035 -2.788 -2.095 -3.595
0.00024632 -1.80000 10.04139 0.8253879547 2.4272900660    0.765  3.139  3.6446  0.714    7  0.000  0.424    35.08    21.88    14.59    11.52     9.35  1    -1e-30      0.00 7.490e-01 2.508e-01 3.645e-05 2.450e-05 1.139e-04 -1.000 2.668e-04 -3.077 -2.823 -2.123 -3.635
0.00024632 -1.80000 10.04139 0.8253881931 2.4272901436    0.765  3.175  3.6420  0.667    7  0.000  0.424    38.69    23.79    15.80    12.50    10.14  1    -1e-30      0.00 7.487e-01 2.510e-01 3.627e-05 2.505e-05 1.135e-04 -1.000 2.638e-04 -3.166 -2.898 -2.181 -3.719
0.00024632 -1.80000 10.04139 0.8253887296 2.4272903181    0.765  3.223  3.6382  0.603    7  0.000  0.423    44.31    26.70    17.64    13.98    11.35  1    -1e-30      0.00 7.484e-01 2.513e-01 3.600e-05 2.585e-05 1.129e-04 -1.000 2.683e-04 -3.288 -2.997 -2.258 -3.833
0.00024632 -1.80000 10.04139 0.8253888488 2.4272903569    0.765  3.234  3.6374  0.590    7  0.549  0.423    45.62    27.37    18.06    14.32    11.62  1    -1e-30      0.00 7.484e-01 2.514e-01 3.592e-05 2.605e-05 1.128e-04 -1.000 2.681e-04 -3.314 -3.018 -2.274 -3.857
0.00024632 -1.80000 10.04139 0.8253889680 2.4272903957    0.765  3.285  3.6308  0.512    8  0.529  0.425    53.85    31.52    20.67    16.42    13.33  1 -4.95e-07      0.00 7.457e-01 2.541e-01 3.545e-05 2.930e-05 1.137e-04 -1.000 1.980e-04 -3.444 -3.107 -2.325 -3.968
0.00024632 -1.80000 10.04139 0.8253890276 2.4272904151    0.764  3.087  3.6458  0.769    8  0.529  0.416    31.13    19.77    13.24    10.44     8.47  1 -2.13e-07      0.00 7.457e-01 2.541e-01 3.545e-05 2.930e-05 1.137e-04 -1.000 1.979e-04 -2.947 -2.701 -2.011 -3.506
0.00024632 -1.80000 10.04139 0.8253891468 2.4272904539    0.762  2.938  3.6574  0.964    8  0.529  0.416    20.58    13.90     9.46     7.42     6.01  2 -1.18e-07      0.00 7.457e-01 2.541e-01 3.545e-05 2.930e-05 1.137e-04 -1.000 1.980e-04 -2.574 -2.386 -1.761 -3.148
0.00024632 -1.80000 10.04139 0.8253893256 2.4272905121    0.757  2.732  3.6734  1.231    8  0.529  0.416    11.65     8.56     5.95     4.64     3.76  3 -5.56e-08      0.00 7.457e-01 2.541e-01 3.545e-05 2.930e-05 1.137e-04 -1.000 1.980e-04 -2.059 -1.930 -1.399 -2.624
0.00024632 -1.80000 10.04139 0.8253896236 2.4272906091    0.751  2.738  3.6727  1.218    8  0.529  0.416    11.94     8.75     6.07     4.74     3.83  2 -5.76e-08      0.00 7.457e-01 2.541e-01 3.545e-05 2.930e-05 1.137e-04 -1.000 1.979e-04 -2.075 -1.945 -1.410 -2.641
0.00024632 -1.80000 10.04139 0.8253899813 2.4272907255    0.742  2.830  3.6653  1.092    8  0.529  0.416    15.56    10.95     7.53     5.89     4.77  2 -8.15e-08      0.00 7.457e-01 2.541e-01 3.545e-05 2.930e-05 1.137e-04 -1.000 1.979e-04 -2.304 -2.150 -1.575 -2.876
0.00024632 -1.80000 10.04139 0.8253903985 2.4272908613    0.733  3.007  3.6513  0.853    8  0.530  0.416    25.78    16.80    11.33     8.93     7.24  1 -1.66e-07      0.00 7.457e-01 2.541e-01 3.545e-05 2.930e-05 1.137e-04 -1.000 1.980e-04 -2.747 -2.529 -1.869 -3.314
0.00024632 -1.80000 10.04139 0.8253909349 2.4272910359    0.722  3.164  3.6387  0.639    8  0.530  0.416    40.58    24.67    16.34    12.96    10.51  1 -3.29e-07      0.00 7.457e-01 2.541e-01 3.545e-05 2.930e-05 1.137e-04 -1.000 1.980e-04 -3.141 -2.854 -2.121 -3.686
0.00024632 -1.80000 10.04139 0.8253914714 2.4272912105    0.709  3.270  3.6302  0.491    8  0.530  0.416    55.43    32.08    20.99    16.72    13.57  1 -5.41e-07      0.00 7.457e-01 2.541e-01 3.545e-05 2.930e-05 1.137e-04 -1.000 1.980e-04 -3.406 -3.064 -2.277 -3.929
0.00024632 -1.80000 10.04139 0.8253921270 2.4272914239    0.695  3.330  3.6251  0.403    8  0.531  0.416    66.70    37.45    24.32    19.43    15.78  0 -7.37e-07      0.00 7.457e-01 2.541e-01 3.545e-05 2.930e-05 1.137e-04 -1.000 1.980e-04 -3.555 -3.176 -2.351 -4.062
0.00024632 -1.80000 10.04139 0.8253929019 2.4272916761    0.680  3.362  3.6223  0.350    8  0.531  0.416    74.38    40.96    26.48    21.20    17.22  0 -8.91e-07      0.00 7.457e-01 2.541e-01 3.545e-05 2.930e-05 1.137e-04 -1.000 1.981e-04 -3.634 -3.233 -2.386 -4.132
0.00024632 -1.80000 10.04139 0.8253936768 2.4272919283    0.664  3.382  3.6203  0.311    8  0.532  0.416    80.61    43.71    28.16    22.59    18.34  0 -1.03e-06      0.00 7.457e-01 2.541e-01 3.545e-05 2.930e-05 1.137e-04 -1.000 1.980e-04 -3.686 -3.269 -2.404 -4.176
0.00024632 -1.80000 10.04139 0.8253974319 2.4272931505    0.534 -9.999  4.0000  1.830    9  0.534  0.000     0.00     0.00     0.00     0.00     0.00 -1    -1e-30      0.00 7.457e-01 2.541e-01 3.545e-05 2.930e-05 1.137e-04 -1.000 1.981e-04 29.767 30.114 30.119 30.091
#isochrone terminated
