# File generated by CMD 3.8 (http://stev.oapd.inaf.it/cmd) on Tue Apr  8 13:57:27 UTC 2025
# isochrones based on PARSEC release v1.2S +  COLIBRI S_37 + S_35 + PR16
# Basic references: Bressan et al. (2012), MNRAS, 427, 127 + Chen et al. (2014, 2015), MNRAS, 444, 2525 + MNRAS, 452, 1068 + Tang et al. (2014), MNRAS, 445, 4287 + Marigo et al. (2017), ApJ, 835, 77 + Pastorelli al. (2019), MNRAS, 485, 5666 + Pastorelli al. (2020), MNRAS, in press
# Thermal pulse cycles included 
# On RGB, assumed Reimers mass loss with efficiency eta=0.2
# LPV periods and growth rates added cf. Trabucchi et al. (2019)
# but fundamental-mode LPV periods + transition are from Trabucchi et al. (2021)
# Photometric system: Gaia EDR3 (all Vegamags, Gaia passbands from ESA/Gaia website)
# Attention: photometry includes extinction of Av=0.062, with coefficients derived star-by-star, for Cardelli et al 89 + O'Donnell 94 Rv=3.1 extinction curve.
# Using YBC version of bolometric corrections as in Chen et al. (2019)
# O-rich circumstellar dpmod60alox40 dust from Groenewegen (2006)
# C-rich circumstellar AMCSIC15 dust from Groenewegen (2006)
# IMF: Kroupa (2001, 2002) + Kroupa et al. (2013) canonical two-part-power law IMF corrected for unresolved binaries 
# Kind of output: isochrone tables
# Zini     MH   logAge Mini        int_IMF         Mass   logL    logTe  logg  label   McoreTP C_O  period0  period1  period2  period3  period4  pmode  Mloss  tau1m   X   Y   Xc  Xn  Xo  Cexcess  Z 	 mbolmag  Gmag    G_BPmag  G_RPmag
0.00024632 -1.80000 10.11394 0.0900000036 1.0816895926    0.090 -3.195  3.4852  5.480    1  0.000  0.545     0.00     0.00     0.00     0.00     0.00 -1 -4.87e-17      0.00 7.481e-01 2.516e-01 4.823e-05 1.301e-05 1.180e-04 -1.000 2.681e-04 12.757 13.543 15.260 12.317
0.00024632 -1.80000 10.11394 0.0958999544 1.1359149145    0.096 -2.978  3.5170  5.417    1  0.000  0.545     0.00     0.00     0.00     0.00     0.00 -1 -8.36e-17      0.00 7.465e-01 2.532e-01 4.823e-05 1.301e-05 1.180e-04 -1.000 2.682e-04 12.214 12.868 14.185 11.755
0.00024632 -1.80000 10.11394 0.1000000015 1.1711064122    0.100 -2.835  3.5380  5.376    1  0.000  0.545     0.00     0.00     0.00     0.00     0.00 -1 -1.19e-16      0.00 7.454e-01 2.544e-01 4.823e-05 1.301e-05 1.180e-04 -1.000 2.681e-04 11.856 12.419 13.552 11.374
0.00024632 -1.80000 10.11394 0.1199999973 1.3193154249    0.120 -2.542  3.5688  5.286    1  0.000  0.545     0.00     0.00     0.00     0.00     0.00 -1 -2.37e-16      0.00 7.420e-01 2.578e-01 4.823e-05 1.301e-05 1.180e-04 -1.000 2.682e-04 11.124 11.555 12.490 10.601
0.00024632 -1.80000 10.11394 0.1400000006 1.4384526719    0.140 -2.357  3.5837  5.228    1  0.000  0.545     0.00     0.00     0.00     0.00     0.00 -1 -3.59e-16      0.00 7.397e-01 2.601e-01 4.823e-05 1.301e-05 1.180e-04 -1.000 2.683e-04 10.663 11.039 11.899 10.124
0.00024632 -1.80000 10.11394 0.1599999964 1.5372931554    0.160 -2.212  3.5934  5.180    1  0.000  0.545     0.00     0.00     0.00     0.00     0.00 -1 -4.95e-16      0.00 7.383e-01 2.615e-01 4.823e-05 1.301e-05 1.180e-04 -1.000 2.683e-04 10.301 10.644 11.460 9.755
0.00024632 -1.80000 10.11394 0.2000000179 1.6938791367    0.200 -1.992  3.6057  5.105    1  0.000  0.545     0.00     0.00     0.00     0.00     0.00 -1 -8.02e-16      0.00 7.374e-01 2.623e-01 4.823e-05 1.301e-05 1.180e-04 -1.000 2.682e-04 9.749 10.053 10.815 9.195
0.00024632 -1.80000 10.11394 0.2500000000 1.8403257998    0.250 -1.791  3.6167  5.045    1  0.000  0.545     0.00     0.00     0.00     0.00     0.00 -1 -5.23e-16      0.00 7.377e-01 2.621e-01 4.822e-05 1.301e-05 1.180e-04 -1.000 2.682e-04 9.247 9.515 10.233 8.684
0.00024632 -1.80000 10.11394 0.3000000417 1.9529140366    0.300 -1.637  3.6257  5.006    1  0.000  0.545     0.00     0.00     0.00     0.00     0.00 -1 -8.98e-16      0.00 7.377e-01 2.620e-01 4.821e-05 1.301e-05 1.180e-04 -1.000 2.682e-04 8.862 9.102 9.785 8.294
0.00024632 -1.80000 10.11394 0.3499999940 2.0434174644    0.350 -1.510  3.6338  4.980    1  0.000  0.544     0.00     0.00     0.00     0.00     0.00 -1 -9.87e-16      0.00 7.375e-01 2.623e-01 4.818e-05 1.301e-05 1.180e-04 -1.000 2.703e-04 8.546 8.762 9.415 7.974
0.00024632 -1.80000 10.11394 0.4000000060 2.1185024399    0.400 -1.378  3.6436  4.944    1  0.000  0.545     0.00     0.00     0.00     0.00     0.00 -1 -2.81e-15      0.00 7.502e-01 2.495e-01 4.823e-05 1.301e-05 1.180e-04 -1.000 2.683e-04 8.215 8.402 9.022 7.638
0.00024632 -1.80000 10.11394 0.4500000477 2.1822809714    0.450 -1.215  3.6601  4.899    1  0.000  0.545     0.00     0.00     0.00     0.00     0.00 -1 -4.05e-15      0.00 7.506e-01 2.491e-01 4.823e-05 1.301e-05 1.180e-04 -1.000 2.682e-04 7.808 7.950 8.517 7.226
0.00024632 -1.80000 10.11394 0.5000000000 2.2374541529    0.500 -1.033  3.6806  4.844    1  0.000  0.545     0.00     0.00     0.00     0.00     0.00 -1 -6.23e-15      0.00 7.506e-01 2.491e-01 4.823e-05 1.301e-05 1.180e-04 -1.000 2.682e-04 7.353 7.446 7.952 6.771
0.00024632 -1.80000 10.11394 0.5500000715 2.2836583126    0.550 -0.820  3.7027  4.760    1  0.000  0.544     0.00     0.00     0.00     0.00     0.00 -1 -1.07e-14      0.00 7.876e-01 2.123e-01 4.153e-05 1.121e-05 1.017e-04 -1.000 1.764e-04 6.819 6.874 7.323 6.247
0.00024632 -1.80000 10.11394 0.6000000238 2.3211213258    0.600 -0.604  3.7296  4.690    1  0.000  0.543     0.00     0.00     0.00     0.00     0.00 -1 -1.82e-14      0.00 8.006e-01 1.992e-01 3.931e-05 1.062e-05 9.644e-05 -1.000 2.308e-04 6.280 6.306 6.693 5.736
0.00024632 -1.80000 10.11394 0.6057569981 2.3249806208    0.605 -0.578  3.7332  4.683    1  0.000  0.543     0.00     0.00     0.00     0.00     0.00 -1 -1.94e-14      0.00 8.024e-01 1.974e-01 3.901e-05 1.054e-05 9.571e-05 -1.000 2.413e-04 6.215 6.238 6.618 5.676
0.00024632 -1.80000 10.11394 0.6161707640 2.3317514474    0.616 -0.530  3.7395  4.668    1  0.000  0.543     0.00     0.00     0.00     0.00     0.00 -1 -2.19e-14      0.00 8.058e-01 1.940e-01 3.845e-05 1.039e-05 9.436e-05 -1.000 2.426e-04 6.096 6.115 6.482 5.566
0.00024632 -1.80000 10.11394 0.6258440018 2.3378092115    0.625 -0.485  3.7454  4.653    1  0.000  0.543     0.00     0.00     0.00     0.00     0.00 -1  -2.7e-20      0.00 8.091e-01 1.907e-01 3.790e-05 1.024e-05 9.304e-05 -1.000 2.362e-04 5.984 6.002 6.356 5.465
0.00024632 -1.80000 10.11394 0.6348307133 2.3432472268    0.635 -0.443  3.7507  4.639    1  0.000  0.543     0.00     0.00     0.00     0.00     0.00 -1 -4.15e-19      0.00 8.123e-01 1.875e-01 3.737e-05 1.010e-05 9.178e-05 -1.000 2.022e-04 5.878 5.896 6.240 5.371
0.00024632 -1.80000 10.11394 0.6435836554 2.3483762390    0.643 -0.402  3.7559  4.624    1  0.000  0.543     0.00     0.00     0.00     0.00     0.00 -1 -2.85e-16      0.00 8.155e-01 1.843e-01 3.683e-05 9.958e-06 9.050e-05 -1.000 2.017e-04 5.775 5.793 6.126 5.279
0.00024632 -1.80000 10.11394 0.6499999762 2.3520353107    0.650 -0.371  3.7596  4.612    1  0.000  0.542     0.00     0.00     0.00     0.00     0.00 -1 -3.27e-14      0.00 8.180e-01 1.818e-01 3.642e-05 9.850e-06 8.953e-05 -1.000 2.356e-04 5.698 5.717 6.041 5.211
0.00024632 -1.80000 10.11394 0.6532478333 2.3538560046    0.653 -0.356  3.7614  4.606    1  0.000  0.542     0.00     0.00     0.00     0.00     0.00 -1  -3.4e-14      0.00 8.195e-01 1.802e-01 3.617e-05 9.782e-06 8.891e-05 -1.000 2.326e-04 5.659 5.678 5.999 5.176
0.00024632 -1.80000 10.11394 0.6640633345 2.3597716091    0.664 -0.302  3.7672  4.583    1  0.000  0.542     0.00     0.00     0.00     0.00     0.00 -1 -2.49e-14      0.00 8.249e-01 1.749e-01 3.528e-05 9.547e-06 8.678e-05 -1.000 1.927e-04 5.526 5.547 5.856 5.058
0.00024632 -1.80000 10.11394 0.6743763089 2.3652095946    0.674 -0.250  3.7728  4.560    1  0.000  0.542     0.00     0.00     0.00     0.00     0.00 -1 -1.48e-15      0.00 8.304e-01 1.694e-01 3.438e-05 9.306e-06 8.463e-05 -1.000 1.869e-04 5.394 5.418 5.717 4.941
0.00024632 -1.80000 10.11394 0.6839853525 2.3701070548    0.684 -0.199  3.7778  4.535    1  0.000  0.541     0.00     0.00     0.00     0.00     0.00 -1 -5.79e-19      0.00 8.359e-01 1.639e-01 3.348e-05 9.068e-06 8.250e-05 -1.000 2.030e-04 5.268 5.294 5.583 4.827
0.00024632 -1.80000 10.11394 0.6929176450 2.3745197819    0.693 -0.150  3.7825  4.510    1  0.000  0.540     0.00     0.00     0.00     0.00     0.00 -1 -3.07e-16      0.00 8.412e-01 1.586e-01 3.260e-05 8.834e-06 8.040e-05 -1.000 2.205e-04 5.145 5.173 5.454 4.717
0.00024632 -1.80000 10.11394 0.6999999881 2.3779266974    0.700 -0.109  3.7861  4.488    1  0.000  0.540     0.00     0.00     0.00     0.00     0.00 -1 -6.63e-14      0.00 8.457e-01 1.541e-01 3.187e-05 8.639e-06 7.864e-05 -1.000 2.227e-04 5.042 5.073 5.347 4.625
0.00024632 -1.80000 10.11394 0.7028639317 2.3792819795    0.702 -0.092  3.7875  4.479    1  0.000  0.540     0.00     0.00     0.00     0.00     0.00 -1 -6.96e-14      0.00 8.474e-01 1.524e-01 3.157e-05 8.567e-06 7.799e-05 -1.000 2.182e-04 5.000 5.031 5.303 4.586
0.00024632 -1.80000 10.11394 0.7110362649 2.3830803734    0.711 -0.041  3.7914  4.449    1  0.000  0.538     0.00     0.00     0.00     0.00     0.00 -1 -8.04e-14      0.00 8.520e-01 1.478e-01 3.077e-05 8.371e-06 7.628e-05 -1.000 1.607e-04 4.873 4.906 5.170 4.470
0.00024632 -1.80000 10.11394 0.7180556655 2.3862636444    0.718  0.005  3.7947  4.420    1  0.000  0.536     0.00     0.00     0.00     0.00     0.00 -1  -9.2e-14      0.00 8.556e-01 1.442e-01 3.016e-05 8.224e-06 7.500e-05 -1.000 1.598e-04 4.758 4.792 5.050 4.363
0.00024632 -1.80000 10.11394 0.7248563170 2.3892801893    0.724  0.052  3.7978  4.389    1  0.000  0.535     0.00     0.00     0.00     0.00     0.00 -1 -8.45e-15      0.00 8.587e-01 1.410e-01 2.963e-05 8.098e-06 7.389e-05 -1.000 2.035e-04 4.639 4.674 4.927 4.252
0.00024632 -1.80000 10.11394 0.7316578031 2.3922326947    0.731  0.103  3.8008  4.354    1  0.000  0.533     0.00     0.00     0.00     0.00     0.00 -1 -9.66e-20      0.00 8.616e-01 1.382e-01 2.916e-05 7.986e-06 7.291e-05 -1.000 1.990e-04 4.513 4.548 4.795 4.133
0.00024632 -1.80000 10.11394 0.7395171523 2.3955667518    0.739  0.167  3.8039  4.308    1  0.000  0.531     0.00     0.00     0.00     0.00     0.00 -1  -4.9e-17      0.00 8.647e-01 1.351e-01 2.867e-05 7.872e-06 7.193e-05 -1.000 1.782e-04 4.354 4.389 4.631 3.981
0.00024632 -1.80000 10.11394 0.7468633652 2.3986102751    0.746  0.232  3.8064  4.256    1  0.000  0.530     0.00     0.00     0.00     0.00     0.00 -1 -1.66e-14      0.00 8.671e-01 1.327e-01 2.828e-05 7.782e-06 7.116e-05 -1.000 1.455e-04 4.190 4.224 4.462 3.823
0.00024632 -1.80000 10.11394 0.7500000000 2.3998889087    0.749  0.262  3.8072  4.231    1  0.000  0.529     0.00     0.00     0.00     0.00     0.00 -1 -2.02e-13      0.00 8.680e-01 1.318e-01 2.814e-05 7.752e-06 7.091e-05 -1.000 1.455e-04 4.114 4.149 4.385 3.749
0.00024632 -1.80000 10.11394 0.7539198995 2.4014696491    0.753  0.301  3.8083  4.199    1  0.000  0.529     0.00     0.00     0.00     0.00     0.00 -1 -2.28e-13      0.00 8.676e-01 1.323e-01 2.827e-05 7.791e-06 7.127e-05 -1.000 1.470e-04 4.019 4.053 4.286 3.656
0.00024632 -1.80000 10.11394 0.7576661110 2.4029627831    0.757  0.340  3.8089  4.164    1  0.000  0.529     0.00     0.00     0.00     0.00     0.00 -1 -2.61e-13      0.00 8.667e-01 1.331e-01 2.846e-05 7.843e-06 7.174e-05 -1.000 1.490e-04 3.919 3.952 4.184 3.557
0.00024632 -1.80000 10.11394 0.7588654160 2.4034372112    0.758  0.354  3.8088  4.150    1  0.000  0.529     0.00     0.00     0.00     0.00     0.00 -1 -2.74e-13      0.00 8.664e-01 1.334e-01 2.852e-05 7.859e-06 7.190e-05 -1.000 1.495e-04 3.884 3.917 4.149 3.522
0.00024632 -1.80000 10.11394 0.7635134459 2.4052597233    0.762  0.412  3.8074  4.090    1  0.000  0.529     0.00     0.00     0.00     0.00     0.00 -1 -3.32e-13      0.00 8.654e-01 1.345e-01 2.876e-05 7.925e-06 7.250e-05 -1.000 1.518e-04 3.740 3.771 4.005 3.374
0.00024632 -1.80000 10.11394 0.7670333982 2.4066230224    0.766  0.462  3.8046  4.030    1  0.000  0.529     0.00     0.00     0.00     0.00     0.00 -1 -3.99e-13      0.00 8.646e-01 1.352e-01 2.894e-05 7.974e-06 7.295e-05 -1.000 1.534e-04 3.614 3.644 3.882 3.241
0.00024632 -1.80000 10.11394 0.7676323056 2.4068535521    0.766  0.472  3.8039  4.018    1  0.000  0.529     0.00     0.00     0.00     0.00     0.00 -1 -4.15e-13      0.00 8.645e-01 1.354e-01 2.897e-05 7.982e-06 7.302e-05 -1.000 1.537e-04 3.591 3.620 3.859 3.216
0.00024632 -1.80000 10.11394 0.7682555318 2.4070930036    0.767  0.482  3.8028  4.004    1  0.000  0.529     0.00     0.00     0.00     0.00     0.00 -1 -4.32e-13      0.00 8.643e-01 1.355e-01 2.900e-05 7.990e-06 7.310e-05 -1.000 1.539e-04 3.564 3.593 3.834 3.187
0.00024632 -1.80000 10.11394 0.7703514695 2.4078950221    0.769  0.521  3.7980  3.947    2  0.000  0.529     0.00     0.00     0.00     0.00     0.00 -1 -5.02e-13      0.00 8.639e-01 1.360e-01 2.910e-05 8.019e-06 7.337e-05 -1.000 1.549e-04 3.467 3.494 3.743 3.079
0.00024632 -1.80000 10.11394 0.7719553113 2.4085053568    0.771  0.556  3.7921  3.889    2  0.000  0.529     0.00     0.00     0.00     0.00     0.00 -1  -5.8e-13      0.00 8.631e-01 1.367e-01 2.931e-05 8.078e-06 7.390e-05 -1.000 1.556e-04 3.380 3.406 3.664 2.978
0.00024632 -1.80000 10.11394 0.7732115388 2.4089813755    0.772  0.587  3.7851  3.830    2  0.000  0.529     0.00     0.00     0.00     0.00     0.00 -1 -6.67e-13      0.00 8.611e-01 1.387e-01 2.989e-05 8.234e-06 7.532e-05 -1.000 1.781e-04 3.301 3.326 3.595 2.884
0.00024632 -1.80000 10.11394 0.7742243409 2.4093638605    0.773  0.616  3.7777  3.773    2  0.000  0.529     0.00     0.00     0.00     0.00     0.00 -1 -7.61e-13      0.00 8.504e-01 1.494e-01 3.212e-05 8.840e-06 8.081e-05 -1.000 1.963e-04 3.230 3.254 3.536 2.796
0.00024632 -1.80000 10.11394 0.7750740647 2.4096838723    0.774  0.643  3.7703  3.717    2  0.000  0.531     0.00     0.00     0.00     0.00     0.00 -1 -8.62e-13      0.00 8.301e-01 1.697e-01 3.556e-05 9.773e-06 8.920e-05 -1.000 2.018e-04 3.164 3.187 3.482 2.714
0.00024632 -1.80000 10.11394 0.7758237123 2.4099655255    0.774  0.670  3.7630  3.661    2  0.000  0.533     0.00     0.00     0.00     0.00     0.00 -1 -6.15e-14      0.00 8.061e-01 1.937e-01 3.906e-05 1.071e-05 9.757e-05 -1.000 2.023e-04 3.096 3.119 3.428 2.631
0.00024632 -1.80000 10.11394 0.7764886618 2.4102148331    0.775  0.700  3.7565  3.605    2  0.000  0.535     0.00     0.00     0.00     0.00     0.00 -1 -1.46e-14      0.00 7.906e-01 2.092e-01 4.133e-05 1.132e-05 1.030e-04 -1.000 1.949e-04 3.020 3.045 3.366 2.544
0.00024632 -1.80000 10.11394 0.7771472335 2.4104612660    0.775  0.739  3.7505  3.543    2  0.000  0.536     0.00     0.00     0.00     0.00     0.00 -1 -1.91e-14      0.00 7.808e-01 2.189e-01 4.279e-05 1.171e-05 1.065e-04 -1.000 2.448e-04 2.923 2.950 3.282 2.436
0.00024632 -1.80000 10.11394 0.7776670456 2.4106554370    0.776  0.777  3.7466  3.489    2  0.000  0.536     0.00     0.00     0.00     0.00     0.00 -1 -2.41e-14      0.00 7.758e-01 2.239e-01 4.354e-05 1.191e-05 1.083e-04 -1.000 2.553e-04 2.828 2.856 3.196 2.334
0.00024632 -1.80000 10.11394 0.7780223489 2.4107879857    0.776  0.806  3.7442  3.450    2  0.000  0.536     0.00     0.00     0.00     0.00     0.00 -1 -2.85e-14      0.00 7.732e-01 2.266e-01 4.394e-05 1.201e-05 1.092e-04 -1.000 2.455e-04 2.754 2.784 3.128 2.257
0.00024632 -1.80000 10.11394 0.7781844139 2.4108483991    0.776  0.821  3.7432  3.432    3  0.000  0.536     0.00     0.00     0.00     0.00     0.00 -1  -3.1e-14      0.00 7.722e-01 2.276e-01 4.408e-05 1.205e-05 1.096e-04 -1.000 2.090e-04 2.717 2.747 3.093 2.218
0.00024632 -1.80000 10.11394 0.7786194086 2.4110104102    0.777  0.863  3.7410  3.382    3  0.000  0.537     0.00     0.00     0.00     0.00     0.00 -1 -3.85e-14      0.00 7.697e-01 2.300e-01 4.441e-05 1.214e-05 1.104e-04 -1.000 2.658e-04 2.613 2.644 2.994 2.110
0.00024632 -1.80000 10.11394 0.7790952325 2.4111873896    0.777  0.912  3.7388  3.323    3  0.000  0.537     0.00     0.00     0.00     0.00     0.00 -1 -4.96e-14      0.00 7.674e-01 2.324e-01 4.470e-05 1.222e-05 1.111e-04 -1.000 2.574e-04 2.489 2.522 2.876 1.984
0.00024632 -1.80000 10.11394 0.7794994116 2.4113375261    0.778  0.957  3.7372  3.272    3  0.000  0.537     0.00     0.00     0.00     0.00     0.00 -1 -6.22e-14      0.00 7.656e-01 2.342e-01 4.491e-05 1.227e-05 1.116e-04 -1.000 2.561e-04 2.377 2.411 2.768 1.870
0.00024632 -1.80000 10.11394 0.7798857093 2.4114808532    0.778  1.003  3.7356  3.220    3  0.000  0.537     0.00     0.00     0.00     0.00     0.00 -1 -7.78e-14      0.00 7.639e-01 2.358e-01 4.508e-05 1.232e-05 1.120e-04 -1.000 2.664e-04 2.262 2.298 2.658 1.754
0.00024632 -1.80000 10.11394 0.7802782655 2.4116263351    0.778  1.053  3.7339  3.164    3  0.000  0.537     0.00     0.00     0.00     0.00     0.00 -1 -9.88e-14      0.00 7.622e-01 2.375e-01 4.523e-05 1.236e-05 1.123e-04 -1.000 2.663e-04 2.138 2.174 2.538 1.627
0.00024632 -1.80000 10.11394 0.7806390524 2.4117598949    0.778  1.103  3.7325  3.108    3  0.000  0.537     0.00     0.00     0.00     0.00     0.00 -1 -1.25e-13      0.00 7.608e-01 2.389e-01 4.533e-05 1.240e-05 1.126e-04 -1.000 2.610e-04 2.014 2.051 2.418 1.502
0.00024632 -1.80000 10.11394 0.7809630632 2.4118797196    0.779  1.151  3.7310  3.054    3  0.000  0.536     0.00     0.00     0.00     0.00     0.00 -1 -1.56e-13      0.00 7.595e-01 2.403e-01 4.540e-05 1.243e-05 1.129e-04 -1.000 2.553e-04 1.893 1.932 2.301 1.380
0.00024632 -1.80000 10.11394 0.7812464237 2.4119844174    0.779  1.197  3.7296  3.003    3  0.000  0.536     0.00     0.00     0.00     0.00     0.00 -1 -1.91e-13      0.00 7.584e-01 2.414e-01 4.544e-05 1.246e-05 1.130e-04 -1.000 2.559e-04 1.778 1.819 2.190 1.264
0.00024632 -1.80000 10.11394 0.7815224528 2.4120863225    0.779  1.246  3.7282  2.949    3  0.000  0.536     0.00     0.00     0.00     0.00     0.00 -1 -2.37e-13      0.00 7.572e-01 2.425e-01 4.545e-05 1.249e-05 1.132e-04 -1.000 2.678e-04 1.656 1.698 2.072 1.140
0.00024632 -1.80000 10.11394 0.7817873359 2.4121840348    0.779  1.297  3.7266  2.891    3  0.000  0.535     0.00     0.00     0.00     0.00     0.00 -1 -2.95e-13      0.00 7.563e-01 2.434e-01 4.542e-05 1.253e-05 1.133e-04 -1.000 2.618e-04 1.528 1.571 1.948 1.011
0.00024632 -1.80000 10.11394 0.7820094824 2.4122659234    0.779  1.344  3.7251  2.839    3  0.000  0.534     0.00     0.00     0.00     0.00     0.00 -1  -3.6e-13      0.00 7.556e-01 2.442e-01 4.538e-05 1.258e-05 1.134e-04 -1.000 2.376e-04 1.411 1.456 1.835 0.892
0.00024632 -1.80000 10.11394 0.7822120786 2.4123405586    0.779  1.390  3.7237  2.786    3  0.000  0.533     0.00     0.00     0.00     0.00     0.00 -1 -4.38e-13      0.00 7.549e-01 2.448e-01 4.532e-05 1.263e-05 1.135e-04 -1.000 2.536e-04 1.294 1.341 1.723 0.774
0.00024632 -1.80000 10.11394 0.7824026942 2.4124107397    0.779  1.438  3.7222  2.732    3  0.000  0.532     0.00     0.00     0.00     0.00     0.00 -1 -5.33e-13      0.00 7.544e-01 2.453e-01 4.526e-05 1.269e-05 1.136e-04 -1.000 2.682e-04 1.174 1.222 1.607 0.653
0.00024632 -1.80000 10.11394 0.7825711966 2.4124727464    0.779  1.485  3.7206  2.679    3  0.000  0.531     0.00     0.00     0.00     0.00     0.00 -1 -6.44e-13      0.00 7.540e-01 2.457e-01 4.521e-05 1.275e-05 1.136e-04 -1.000 2.682e-04 1.058 1.107 1.496 0.535
0.00024632 -1.80000 10.11394 0.7827314734 2.4125316977    0.779  1.534  3.7189  2.624    3  0.000  0.531     0.00     0.00     0.00     0.00     0.00 -1 -7.82e-13      0.00 7.537e-01 2.460e-01 4.516e-05 1.279e-05 1.136e-04 -1.000 2.682e-04 0.936 0.988 1.380 0.413
0.00024632 -1.80000 10.11394 0.7828727365 2.4125836325    0.779  1.580  3.7173  2.571    3  0.000  0.530     0.00     0.00     0.00     0.00     0.00 -1 -9.41e-13      0.00 7.536e-01 2.461e-01 4.514e-05 1.281e-05 1.137e-04 -1.000 2.678e-04 0.819 0.873 1.268 0.295
0.00024632 -1.80000 10.11394 0.7829985023 2.4126298517    0.779  1.626  3.7157  2.519    3  0.000  0.530     0.00     0.00     0.00     0.00     0.00 -1 -1.12e-12      0.00 7.535e-01 2.462e-01 4.512e-05 1.283e-05 1.137e-04 -1.000 2.650e-04 0.705 0.761 1.159 0.180
0.00024632 -1.80000 10.11394 0.7831183076 2.4126738645    0.779  1.673  3.7140  2.464    3  0.000  0.530     0.00     0.00     0.00     0.00     0.00 -1 -1.35e-12      0.00 7.535e-01 2.463e-01 4.512e-05 1.284e-05 1.137e-04 -1.000 2.607e-04 0.587 0.645 1.047 0.060
0.00024632 -1.80000 10.11394 0.7832268476 2.4127137255    0.779  1.720  3.7123  2.411    3  0.000  0.530     0.00     0.00     0.00     0.00     0.00 -1 -1.61e-12      0.00 7.535e-01 2.463e-01 4.512e-05 1.284e-05 1.137e-04 -1.000 2.608e-04 0.470 0.529 0.935 -0.059
0.00024632 -1.80000 10.11394 0.7833223343 2.4127487821    0.779  1.765  3.7106  2.359    3  0.000  0.530     0.00     0.00     0.00     0.00     0.00 -1 -1.91e-12      0.00 7.535e-01 2.463e-01 4.512e-05 1.284e-05 1.137e-04 -1.000 2.607e-04 0.357 0.418 0.828 -0.174
0.00024632 -1.80000 10.11394 0.7834100723 2.4127809853    0.779  1.810  3.7088  2.307    3  0.000  0.530     0.00     0.00     0.00     0.00     0.00 -1 -8.49e-16      0.00 7.534e-01 2.463e-01 4.512e-05 1.284e-05 1.137e-04 -1.000 2.608e-04 0.245 0.308 0.722 -0.288
0.00024632 -1.80000 10.11394 0.7834950089 2.4128121523    0.778  1.857  3.7070  2.252    3  0.000  0.530     0.00     0.00     0.00     0.00     0.00 -1 -2.97e-17      0.00 7.534e-01 2.463e-01 4.512e-05 1.284e-05 1.137e-04 -1.000 2.608e-04 0.127 0.193 0.611 -0.407
0.00024632 -1.80000 10.11394 0.7835693359 2.4128394198    0.778  1.902  3.7052  2.200    3  0.000  0.530     0.00     0.00     0.00     0.00     0.00 -1 -3.55e-17      0.00 7.534e-01 2.463e-01 4.512e-05 1.284e-05 1.137e-04 -1.000 2.609e-04 0.015 0.083 0.505 -0.521
0.00024632 -1.80000 10.11394 0.7836377621 2.4128645173    0.778  1.947  3.7034  2.148    3  0.000  0.530     0.00     0.00     0.00     0.00     0.00 -1 -4.21e-17      0.00 7.534e-01 2.463e-01 4.512e-05 1.284e-05 1.137e-04 -1.000 2.609e-04 -0.097 -0.026 0.400 -0.634
0.00024632 -1.80000 10.11394 0.7837024927 2.4128882547    0.778  1.993  3.7016  2.095    3  0.000  0.530     0.00     0.00     0.00     0.00     0.00 -1 -4.99e-17      0.00 7.534e-01 2.463e-01 4.512e-05 1.284e-05 1.137e-04 -1.000 2.609e-04 -0.211 -0.138 0.293 -0.750
0.00024632 -1.80000 10.11394 0.7837594748 2.4129091469    0.778  2.036  3.6997  2.044    3  0.000  0.530     0.00     0.00     0.00     0.00     0.00 -1 -5.84e-17      0.00 7.534e-01 2.463e-01 4.512e-05 1.284e-05 1.137e-04 -1.000 2.609e-04 -0.319 -0.243 0.193 -0.859
0.00024632 -1.80000 10.11394 0.7838143706 2.4129292708    0.777  2.079  3.6979  1.993    3  0.000  0.530     0.00     0.00     0.00     0.00     0.00 -1 -6.83e-17      0.00 7.534e-01 2.463e-01 4.512e-05 1.284e-05 1.137e-04 -1.000 2.609e-04 -0.427 -0.348 0.092 -0.968
0.00024632 -1.80000 10.11394 0.7838713527 2.4129501562    0.777  2.122  3.6961  1.943    3  0.000  0.530     0.00     0.00     0.00     0.00     0.00 -1    -8e-17      0.00 7.534e-01 2.463e-01 4.512e-05 1.284e-05 1.137e-04 -1.000 2.609e-04 -0.535 -0.453 -0.008 -1.077
0.00024632 -1.80000 10.11394 0.7839223146 2.4129688320    0.777  2.147  3.6951  1.914    3  0.000  0.530     0.00     0.00     0.00     0.00     0.00 -1 -8.93e-17      0.00 7.534e-01 2.463e-01 4.511e-05 1.284e-05 1.137e-04 -1.000 2.610e-04 -0.597 -0.513 -0.065 -1.140
0.00024632 -1.80000 10.11394 0.7839538455 2.4129803856    0.776  2.138  3.6957  1.925    3  0.000  0.530     0.00     0.00     0.00     0.00     0.00 -1    -9e-17      0.00 7.534e-01 2.463e-01 4.511e-05 1.285e-05 1.137e-04 -1.000 2.610e-04 -0.575 -0.492 -0.046 -1.118
0.00024632 -1.80000 10.11394 0.7839612365 2.4129830937    0.776  2.145  3.6954  1.916    3  0.000  0.530     0.00     0.00     0.00     0.00     0.00 -1 -9.24e-17      0.00 7.534e-01 2.463e-01 4.511e-05 1.285e-05 1.137e-04 -1.000 2.610e-04 -0.594 -0.511 -0.063 -1.137
0.00024632 -1.80000 10.11394 0.7839992046 2.4129970043    0.776  2.188  3.6934  1.866    3  0.000  0.530     0.00     0.00     0.00     0.00     0.00 -1 -1.06e-16      0.00 7.534e-01 2.463e-01 4.511e-05 1.285e-05 1.137e-04 -1.000 2.610e-04 -0.700 -0.613 -0.161 -1.244
0.00024632 -1.80000 10.11394 0.7840343118 2.4130098654    0.776  2.230  3.6916  1.816    3  0.000  0.530     0.00     0.00     0.00     0.00     0.00 -1 -1.21e-16      0.00 7.534e-01 2.463e-01 4.511e-05 1.285e-05 1.137e-04 -1.000 2.611e-04 -0.804 -0.714 -0.256 -1.349
0.00024632 -1.80000 10.11394 0.7840680480 2.4130222230    0.775  2.272  3.6896  1.766    3  0.000  0.530     0.00     0.00     0.00     0.00     0.00 -1 -1.39e-16      0.00 7.534e-01 2.463e-01 4.511e-05 1.285e-05 1.137e-04 -1.000 2.611e-04 -0.910 -0.817 -0.353 -1.457
0.00024632 -1.80000 10.11394 0.7840965390 2.4130326583    0.775  2.311  3.6877  1.719    3  0.000  0.530     0.00     0.00     0.00     0.00     0.00 -1 -1.58e-16      0.00 7.534e-01 2.464e-01 4.511e-05 1.285e-05 1.137e-04 -1.000 2.611e-04 -1.007 -0.909 -0.440 -1.554
0.00024632 -1.80000 10.11394 0.7841239572 2.4130426999    0.774  2.350  3.6858  1.672    3  0.000  0.530     0.00     0.00     0.00     0.00     0.00 -1 -1.79e-16      0.00 7.534e-01 2.464e-01 4.511e-05 1.285e-05 1.137e-04 -1.000 2.611e-04 -1.106 -1.004 -0.530 -1.653
0.00024632 -1.80000 10.11394 0.7841483951 2.4130516492    0.774  2.388  3.6839  1.626    3  0.000  0.530     0.00     0.00     0.00     0.00     0.00 -1 -2.02e-16      0.00 7.534e-01 2.464e-01 4.511e-05 1.285e-05 1.137e-04 -1.000 2.611e-04 -1.200 -1.095 -0.614 -1.750
0.00024632 -1.80000 10.11394 0.7841712236 2.4130600087    0.774  2.426  3.6821  1.581    3  0.000  0.530     0.00     0.00     0.00     0.00     0.00 -1 -2.27e-16      0.00 7.534e-01 2.464e-01 4.511e-05 1.285e-05 1.137e-04 -1.000 2.611e-04 -1.295 -1.186 -0.699 -1.846
0.00024632 -1.80000 10.11394 0.7841926217 2.4130678438    0.773  2.464  3.6802  1.535    3  0.000  0.530     0.00     0.00     0.00     0.00     0.00 -1 -2.55e-16      0.00 7.534e-01 2.464e-01 4.511e-05 1.285e-05 1.137e-04 -1.000 2.612e-04 -1.389 -1.277 -0.782 -1.943
0.00024632 -1.80000 10.11394 0.7842162251 2.4130764859    0.772  2.509  3.6779  1.481    3  0.000  0.530     6.90     5.48     3.89     3.01     2.43  3 -2.93e-16      0.00 7.534e-01 2.464e-01 4.511e-05 1.285e-05 1.137e-04 -1.000 2.612e-04 -1.501 -1.384 -0.880 -2.057
0.00024632 -1.80000 10.11394 0.7842341065 2.4130830325    0.772  2.545  3.6760  1.437    3  0.000  0.530     7.57     5.93     4.20     3.25     2.63  3 -3.26e-16      0.00 7.534e-01 2.464e-01 4.511e-05 1.285e-05 1.137e-04 -1.000 2.612e-04 -1.592 -1.470 -0.957 -2.150
0.00024632 -1.80000 10.11394 0.7842538357 2.4130902552    0.771  2.588  3.6737  1.384    3  0.000  0.530     8.46     6.52     4.59     3.56     2.88  3 -3.71e-16      0.00 7.534e-01 2.464e-01 4.511e-05 1.285e-05 1.137e-04 -1.000 2.612e-04 -1.699 -1.572 -1.048 -2.260
0.00024632 -1.80000 10.11394 0.7842721343 2.4130969538    0.770  2.630  3.6714  1.332    3  0.000  0.530     9.46     7.17     5.03     3.90     3.16  3 -4.22e-16      0.00 7.534e-01 2.464e-01 4.511e-05 1.285e-05 1.137e-04 -1.000 2.612e-04 -1.806 -1.672 -1.137 -2.369
0.00024632 -1.80000 10.11394 0.7842895985 2.4131033467    0.769  2.674  3.6690  1.278    3  0.000  0.530    10.60     7.90     5.52     4.29     3.47  3  -4.8e-16      0.00 7.534e-01 2.464e-01 4.511e-05 1.285e-05 1.137e-04 -1.000 2.612e-04 -1.916 -1.775 -1.227 -2.482
0.00024632 -1.80000 10.11394 0.7843040824 2.4131086483    0.768  2.713  3.6668  1.229    3  0.000  0.530    11.75     8.62     6.00     4.67     3.78  3 -5.39e-16      0.00 7.534e-01 2.464e-01 4.511e-05 1.285e-05 1.137e-04 -1.000 2.612e-04 -2.014 -1.865 -1.304 -2.581
0.00024632 -1.80000 10.11394 0.7843185663 2.4131139497    0.767  2.755  3.6644  1.177    3  0.000  0.530    13.11     9.47     6.56     5.11     4.14  2 -6.09e-16      0.00 7.534e-01 2.464e-01 4.511e-05 1.285e-05 1.137e-04 -1.000 2.612e-04 -2.118 -1.962 -1.387 -2.687
0.00024632 -1.80000 10.11394 0.7843313217 2.4131186183    0.766  2.795  3.6621  1.128    3  0.000  0.530    14.55    10.35     7.13     5.57     4.51  2 -6.83e-16      0.00 7.534e-01 2.464e-01 4.511e-05 1.285e-05 1.137e-04 -1.000 2.612e-04 -2.217 -2.051 -1.462 -2.787
0.00024632 -1.80000 10.11394 0.7843431234 2.4131229377    0.765  2.834  3.6598  1.079    3  0.000  0.530    16.12    11.29     7.76     6.07     4.92  2 -7.64e-16      0.00 7.534e-01 2.464e-01 4.511e-05 1.285e-05 1.137e-04 -1.000 2.612e-04 -2.314 -2.140 -1.536 -2.886
0.00024632 -1.80000 10.11394 0.7843541503 2.4131269733    0.764  2.872  3.6575  1.030    3  0.000  0.530    17.88    12.33     8.44     6.61     5.35  2 -8.54e-16      0.00 7.534e-01 2.464e-01 4.511e-05 1.285e-05 1.137e-04 -1.000 2.613e-04 -2.411 -2.226 -1.607 -2.983
0.00024632 -1.80000 10.11394 0.7843639255 2.4131305507    0.762  2.909  3.6553  0.984    3  0.000  0.530    19.72    13.40     9.13     7.16     5.80  2 -9.47e-16      0.00 7.534e-01 2.464e-01 4.511e-05 1.285e-05 1.137e-04 -1.000 2.613e-04 -2.503 -2.307 -1.676 -3.072
0.00024632 -1.80000 10.11394 0.7843734026 2.4131340189    0.761  2.947  3.6530  0.937    3  0.000  0.530    21.81    14.60     9.91     7.78     6.31  2 -1.06e-15      0.00 7.534e-01 2.464e-01 4.511e-05 1.285e-05 1.137e-04 -1.000 2.613e-04 -2.597 -2.390 -1.745 -3.165
0.00024632 -1.80000 10.11394 0.7843817472 2.4131370727    0.759  2.982  3.6508  0.892    3  0.000  0.530    23.98    15.83    10.71     8.42     6.83  1 -1.17e-15      0.00 7.534e-01 2.464e-01 4.511e-05 1.285e-05 1.137e-04 -1.000 2.612e-04 -2.685 -2.466 -1.808 -3.250
0.00024632 -1.80000 10.11394 0.7843894958 2.4131399082    0.758  3.017  3.6487  0.848    3  0.000  0.530    26.32    17.13    11.55     9.09     7.37  1 -1.29e-15      0.00 7.534e-01 2.464e-01 4.511e-05 1.285e-05 1.137e-04 -1.000 2.612e-04 -2.772 -2.542 -1.871 -3.334
0.00024632 -1.80000 10.11394 0.7843972445 2.4131427437    0.756  3.053  3.6463  0.801    3  0.000  0.530    29.05    18.63    12.51     9.86     8.00  1 -1.43e-15      0.00 7.534e-01 2.464e-01 4.511e-05 1.285e-05 1.137e-04 -1.000 2.612e-04 -2.863 -2.620 -1.935 -3.421
0.00024632 -1.80000 10.11394 0.7844037414 2.4131451211    0.754  3.085  3.6442  0.759    3  0.000  0.530    31.71    20.07    13.43    10.60     8.60  1 -1.56e-15      0.00 7.534e-01 2.464e-01 4.511e-05 1.285e-05 1.137e-04 -1.000 2.612e-04 -2.943 -2.688 -1.991 -3.498
0.00024632 -1.80000 10.11394 0.7844104171 2.4131475638    0.752  3.120  3.6421  0.715    3  0.000  0.530    34.84    21.74    14.49    11.45     9.29  1 -1.72e-15      0.00 7.534e-01 2.464e-01 4.511e-05 1.285e-05 1.137e-04 -1.000 2.612e-04 -3.030 -2.763 -2.053 -3.581
0.00024632 -1.80000 10.11394 0.7844164371 2.4131497666    0.750  3.153  3.6399  0.672    3  0.000  0.530    38.16    23.48    15.60    12.34    10.02  1 -1.89e-15      0.00 7.534e-01 2.464e-01 4.511e-05 1.285e-05 1.137e-04 -1.000 2.613e-04 -3.113 -2.833 -2.110 -3.660
0.00024632 -1.80000 10.11394 0.7844220996 2.4131518386    0.748  3.185  3.6378  0.630    3  0.000  0.530    41.70    25.32    16.76    13.28    10.78  1 -2.07e-15      0.00 7.534e-01 2.464e-01 4.511e-05 1.285e-05 1.137e-04 -1.000 2.612e-04 -3.193 -2.900 -2.163 -3.736
0.00024632 -1.80000 10.11394 0.7844275236 2.4131538232    0.746  3.218  3.6357  0.587    3  0.000  0.530    45.59    27.30    18.01    14.29    11.60  1 -2.27e-15      0.00 7.534e-01 2.464e-01 4.511e-05 1.285e-05 1.137e-04 -1.000 2.612e-04 -3.275 -2.968 -2.217 -3.812
0.00024632 -1.80000 10.11394 0.7844325304 2.4131556552    0.743  3.249  3.6337  0.547    3  0.000  0.530    49.63    29.33    19.29    15.32    12.44  1 -2.48e-15      0.00 7.534e-01 2.464e-01 4.511e-05 1.285e-05 1.137e-04 -1.000 2.612e-04 -3.351 -3.032 -2.267 -3.884
0.00024632 -1.80000 10.11394 0.7844380736 2.4131576834    0.740  3.281  3.6316  0.505    3  0.000  0.530    54.30    31.65    20.74    16.49    13.39  1 -2.73e-15      0.00 7.534e-01 2.464e-01 4.511e-05 1.285e-05 1.137e-04 -1.000 2.613e-04 -3.433 -3.100 -2.321 -3.960
0.00024632 -1.80000 10.11394 0.7844380736 2.4131576834    0.720  1.672  3.8805  3.097    4  0.000  0.529     0.00     0.00     0.00     0.00     0.00 -1    -1e-30      0.00 7.513e-01 2.484e-01 4.560e-05 1.308e-05 1.151e-04 -1.000 2.682e-04 0.589 0.569 0.672 0.373
0.00024632 -1.80000 10.11394 0.7844413519 2.4131588828    0.720  1.685  3.8744  3.060    4  0.000  0.529     0.00     0.00     0.00     0.00     0.00 -1    -1e-30      0.00 7.513e-01 2.484e-01 4.560e-05 1.308e-05 1.151e-04 -1.000 2.683e-04 0.557 0.533 0.645 0.322
0.00024632 -1.80000 10.11394 0.7844957113 2.4131787704    0.721  1.694  3.8707  3.036    4  0.000  0.529     0.00     0.00     0.00     0.00     0.00 -1    -1e-30      0.00 7.513e-01 2.484e-01 4.560e-05 1.308e-05 1.151e-04 -1.000 2.683e-04 0.535 0.509 0.627 0.289
0.00024632 -1.80000 10.11394 0.7845506668 2.4131988727    0.721  1.694  3.8716  3.040    4  0.000  0.529     0.00     0.00     0.00     0.00     0.00 -1    -1e-30      0.00 7.513e-01 2.484e-01 4.560e-05 1.308e-05 1.151e-04 -1.000 2.682e-04 0.535 0.509 0.625 0.291
0.00024632 -1.80000 10.11394 0.7846068144 2.4132194078    0.721  1.694  3.8726  3.044    4  0.000  0.529     0.00     0.00     0.00     0.00     0.00 -1    -1e-30      0.00 7.513e-01 2.484e-01 4.560e-05 1.308e-05 1.151e-04 -1.000 2.682e-04 0.535 0.510 0.625 0.295
0.00024632 -1.80000 10.11394 0.7846624851 2.4132397652    0.721  1.694  3.8738  3.049    4  0.000  0.529     0.00     0.00     0.00     0.00     0.00 -1    -1e-30      0.00 7.513e-01 2.484e-01 4.560e-05 1.308e-05 1.151e-04 -1.000 2.682e-04 0.536 0.511 0.624 0.299
0.00024632 -1.80000 10.11394 0.7847148776 2.4132589207    0.721  1.693  3.8749  3.054    4  0.000  0.529     0.00     0.00     0.00     0.00     0.00 -1    -1e-30      0.00 7.513e-01 2.484e-01 4.560e-05 1.308e-05 1.151e-04 -1.000 2.682e-04 0.536 0.513 0.624 0.303
0.00024632 -1.80000 10.11394 0.7847663164 2.4132777248    0.721  1.693  3.8760  3.059    4  0.000  0.529     0.00     0.00     0.00     0.00     0.00 -1    -1e-30      0.00 7.513e-01 2.484e-01 4.560e-05 1.308e-05 1.151e-04 -1.000 2.682e-04 0.537 0.514 0.623 0.308
0.00024632 -1.80000 10.11394 0.7848183513 2.4132967438    0.721  1.693  3.8771  3.063    4  0.000  0.529     0.00     0.00     0.00     0.00     0.00 -1    -1e-30      0.00 7.513e-01 2.484e-01 4.560e-05 1.308e-05 1.151e-04 -1.000 2.681e-04 0.538 0.515 0.623 0.312
0.00024632 -1.80000 10.11394 0.7848727703 2.4133166311    0.721  1.692  3.8781  3.068    4  0.000  0.529     0.00     0.00     0.00     0.00     0.00 -1    -1e-30      0.00 7.513e-01 2.484e-01 4.560e-05 1.308e-05 1.151e-04 -1.000 2.683e-04 0.539 0.517 0.623 0.315
0.00024632 -1.80000 10.11394 0.7849264741 2.4133362540    0.721  1.692  3.8787  3.070    4  0.000  0.529     0.00     0.00     0.00     0.00     0.00 -1    -1e-30      0.00 7.513e-01 2.484e-01 4.560e-05 1.308e-05 1.151e-04 -1.000 2.682e-04 0.539 0.517 0.622 0.317
0.00024632 -1.80000 10.11394 0.7849817276 2.4133564399    0.721  1.693  3.8789  3.071    4  0.000  0.529     0.00     0.00     0.00     0.00     0.00 -1    -1e-30      0.00 7.513e-01 2.484e-01 4.560e-05 1.308e-05 1.151e-04 -1.000 2.682e-04 0.538 0.517 0.622 0.318
0.00024632 -1.80000 10.11394 0.7850365639 2.4133764701    0.721  1.693  3.8788  3.070    4  0.000  0.529     0.00     0.00     0.00     0.00     0.00 -1    -1e-30      0.00 7.513e-01 2.484e-01 4.560e-05 1.308e-05 1.151e-04 -1.000 2.681e-04 0.537 0.516 0.621 0.316
0.00024632 -1.80000 10.11394 0.7850906849 2.4133962359    0.721  1.694  3.8781  3.067    4  0.000  0.529     0.00     0.00     0.00     0.00     0.00 -1    -1e-30      0.00 7.513e-01 2.484e-01 4.560e-05 1.308e-05 1.151e-04 -1.000 2.682e-04 0.536 0.513 0.620 0.312
0.00024632 -1.80000 10.11394 0.7851430774 2.4134153674    0.721  1.695  3.8767  3.060    4  0.000  0.529     0.00     0.00     0.00     0.00     0.00 -1    -1e-30      0.00 7.513e-01 2.484e-01 4.560e-05 1.308e-05 1.151e-04 -1.000 2.682e-04 0.533 0.510 0.618 0.305
0.00024632 -1.80000 10.11394 0.7851659656 2.4134237243    0.721  1.695  3.8761  3.057    4  0.000  0.529     0.00     0.00     0.00     0.00     0.00 -1    -1e-30      0.00 7.513e-01 2.484e-01 4.560e-05 1.308e-05 1.151e-04 -1.000 2.682e-04 0.532 0.508 0.618 0.302
0.00024632 -1.80000 10.11394 0.7851951122 2.4134343655    0.721  1.696  3.8749  3.051    4  0.000  0.529     0.00     0.00     0.00     0.00     0.00 -1    -1e-30      0.00 7.513e-01 2.484e-01 4.560e-05 1.308e-05 1.151e-04 -1.000 2.681e-04 0.530 0.506 0.617 0.296
0.00024632 -1.80000 10.11394 0.7852466702 2.4134531865    0.721  1.698  3.8724  3.040    4  0.000  0.529     0.00     0.00     0.00     0.00     0.00 -1    -1e-30      0.00 7.513e-01 2.484e-01 4.560e-05 1.308e-05 1.151e-04 -1.000 2.681e-04 0.525 0.500 0.615 0.284
0.00024632 -1.80000 10.11394 0.7852992415 2.4134723746    0.721  1.700  3.8692  3.025    4  0.000  0.529     0.00     0.00     0.00     0.00     0.00 -1    -1e-30      0.00 7.513e-01 2.484e-01 4.560e-05 1.308e-05 1.151e-04 -1.000 2.682e-04 0.520 0.493 0.613 0.269
0.00024632 -1.80000 10.11394 0.7853537202 2.4134922557    0.721  1.703  3.8652  3.006    4  0.000  0.529     0.00     0.00     0.00     0.00     0.00 -1    -1e-30      0.00 7.513e-01 2.484e-01 4.560e-05 1.308e-05 1.151e-04 -1.000 2.681e-04 0.513 0.485 0.611 0.251
0.00024632 -1.80000 10.11394 0.7854099870 2.4135127860    0.722  1.706  3.8604  2.984    4  0.000  0.529     0.00     0.00     0.00     0.00     0.00 -1    -1e-30      0.00 7.513e-01 2.484e-01 4.560e-05 1.308e-05 1.151e-04 -1.000 2.681e-04 0.505 0.476 0.609 0.230
0.00024632 -1.80000 10.11394 0.7854636312 2.4135323563    0.722  1.709  3.8551  2.959    4  0.000  0.529     0.00     0.00     0.00     0.00     0.00 -1    -1e-30      0.00 7.513e-01 2.484e-01 4.560e-05 1.308e-05 1.151e-04 -1.000 2.683e-04 0.496 0.467 0.608 0.207
0.00024632 -1.80000 10.11394 0.7855178118 2.4135521191    0.722  1.713  3.8491  2.931    4  0.000  0.529     0.00     0.00     0.00     0.00     0.00 -1    -1e-30      0.00 7.513e-01 2.484e-01 4.560e-05 1.308e-05 1.151e-04 -1.000 2.681e-04 0.486 0.456 0.607 0.182
0.00024632 -1.80000 10.11394 0.7855485082 2.4135633145    0.722  1.716  3.8455  2.914    4  0.000  0.529     0.00     0.00     0.00     0.00     0.00 -1    -1e-30      0.00 7.513e-01 2.484e-01 4.560e-05 1.308e-05 1.151e-04 -1.000 2.682e-04 0.480 0.450 0.607 0.168
0.00024632 -1.80000 10.11394 0.7856004238 2.4135822465    0.722  1.720  3.8391  2.884    4  0.000  0.529     0.00     0.00     0.00     0.00     0.00 -1    -1e-30      0.00 7.513e-01 2.484e-01 4.560e-05 1.308e-05 1.151e-04 -1.000 2.682e-04 0.470 0.440 0.606 0.141
0.00024632 -1.80000 10.11394 0.7856523395 2.4136011757    0.722  1.725  3.8326  2.854    4  0.000  0.529     0.00     0.00     0.00     0.00     0.00 -1    -1e-30      0.00 7.513e-01 2.484e-01 4.560e-05 1.308e-05 1.151e-04 -1.000 2.682e-04 0.458 0.429 0.606 0.115
0.00024632 -1.80000 10.11394 0.7857025266 2.4136194718    0.722  1.730  3.8259  2.823    4  0.000  0.529     0.00     0.00     0.00     0.00     0.00 -1    -1e-30      0.00 7.513e-01 2.484e-01 4.560e-05 1.308e-05 1.151e-04 -1.000 2.682e-04 0.446 0.419 0.606 0.089
0.00024632 -1.80000 10.11394 0.7857367992 2.4136319647    0.722  1.733  3.8212  2.800    4  0.000  0.529     0.00     0.00     0.00     0.00     0.00 -1    -1e-30      0.00 7.513e-01 2.484e-01 4.560e-05 1.308e-05 1.151e-04 -1.000 2.683e-04 0.438 0.411 0.606 0.070
0.00024632 -1.80000 10.11394 0.7857681513 2.4136433919    0.722  1.737  3.8164  2.777    4  0.000  0.529     0.00     0.00     0.00     0.00     0.00 -1    -1e-30      0.00 7.513e-01 2.484e-01 4.560e-05 1.308e-05 1.151e-04 -1.000 2.683e-04 0.429 0.404 0.607 0.051
0.00024632 -1.80000 10.11394 0.7858147025 2.4136603569    0.722  1.742  3.8099  2.746    4  0.000  0.529     0.00     0.00     0.00     0.00     0.00 -1    -1e-30      0.00 7.513e-01 2.484e-01 4.560e-05 1.308e-05 1.151e-04 -1.000 2.682e-04 0.416 0.393 0.607 0.025
0.00024632 -1.80000 10.11394 0.7858627439 2.4136778625    0.722  1.748  3.8025  2.711    4  0.000  0.529     0.00     0.00     0.00     0.00     0.00 -1    -1e-30      0.00 7.513e-01 2.484e-01 4.560e-05 1.308e-05 1.151e-04 -1.000 2.681e-04 0.400 0.382 0.609 -0.004
0.00024632 -1.80000 10.11394 0.7859098911 2.4136950400    0.722  1.754  3.7955  2.677    4  0.000  0.529     0.00     0.00     0.00     0.00     0.00 -1    -1e-30      0.00 7.513e-01 2.484e-01 4.560e-05 1.308e-05 1.151e-04 -1.000 2.682e-04 0.385 0.371 0.610 -0.032
0.00024632 -1.80000 10.11394 0.7859575748 2.4137124105    0.722  1.760  3.7892  2.646    4  0.000  0.529     0.00     0.00     0.00     0.00     0.00 -1    -1e-30      0.00 7.513e-01 2.484e-01 4.560e-05 1.308e-05 1.151e-04 -1.000 2.682e-04 0.370 0.359 0.610 -0.058
0.00024632 -1.80000 10.11394 0.7860051990 2.4137297568    0.722  1.766  3.7833  2.615    4  0.000  0.529     0.00     0.00     0.00     0.00     0.00 -1    -1e-30      0.00 7.513e-01 2.484e-01 4.560e-05 1.308e-05 1.151e-04 -1.000 2.682e-04 0.354 0.347 0.608 -0.084
0.00024632 -1.80000 10.11394 0.7860532999 2.4137472744    0.722  1.775  3.7771  2.582    4  0.000  0.529     0.00     0.00     0.00     0.00     0.00 -1    -1e-30      0.00 7.513e-01 2.484e-01 4.560e-05 1.308e-05 1.151e-04 -1.000 2.682e-04 0.333 0.330 0.603 -0.114
0.00024632 -1.80000 10.11394 0.7860628366 2.4137507472    0.722  1.776  3.7764  2.579    4  0.000  0.529     0.00     0.00     0.00     0.00     0.00 -1    -1e-30      0.00 7.513e-01 2.484e-01 4.560e-05 1.308e-05 1.151e-04 -1.000 2.682e-04 0.331 0.329 0.603 -0.117
0.00024632 -1.80000 10.11394 0.7861121297 2.4137686959    0.722  1.786  3.7702  2.543    4  0.000  0.529     0.00     0.00     0.00     0.00     0.00 -1    -1e-30      0.00 7.513e-01 2.484e-01 4.560e-05 1.308e-05 1.151e-04 -1.000 2.682e-04 0.304 0.306 0.592 -0.154
0.00024632 -1.80000 10.11394 0.7861606479 2.4137863599    0.722  1.802  3.7637  2.501    4  0.000  0.529     0.00     0.00     0.00     0.00     0.00 -1    -1e-30      0.00 7.513e-01 2.484e-01 4.560e-05 1.308e-05 1.151e-04 -1.000 2.683e-04 0.264 0.271 0.569 -0.203
0.00024632 -1.80000 10.11394 0.7862014771 2.4138012226    0.722  1.831  3.7553  2.439    4  0.000  0.529     0.00     0.00     0.00     0.00     0.00 -1    -1e-30      0.00 7.513e-01 2.484e-01 4.560e-05 1.308e-05 1.151e-04 -1.000 2.682e-04 0.193 0.206 0.521 -0.287
0.00024632 -1.80000 10.11394 0.7862236500 2.4138092933    0.722  1.866  3.7468  2.370    4  0.000  0.529     0.00     0.00     0.00     0.00     0.00 -1    -1e-30      0.00 7.513e-01 2.484e-01 4.560e-05 1.308e-05 1.151e-04 -1.000 2.681e-04 0.105 0.126 0.457 -0.386
0.00024632 -1.80000 10.11394 0.7862336636 2.4138129380    0.722  1.903  3.7390  2.301    4  0.000  0.529     0.00     0.00     0.00     0.00     0.00 -1    -1e-30      0.00 7.513e-01 2.484e-01 4.560e-05 1.308e-05 1.151e-04 -1.000 2.681e-04 0.011 0.038 0.385 -0.490
0.00024632 -1.80000 10.11394 0.7862381339 2.4138145650    0.722  1.943  3.7322  2.235    4  0.000  0.529     0.00     0.00     0.00     0.00     0.00 -1    -1e-30      0.00 7.513e-01 2.484e-01 4.560e-05 1.308e-05 1.151e-04 -1.000 2.683e-04 -0.087 -0.054 0.306 -0.597
0.00024632 -1.80000 10.11394 0.7862402201 2.4138153243    0.722  1.981  3.7268  2.175    4  0.000  0.529     0.00     0.00     0.00     0.00     0.00 -1    -1e-30      0.00 7.513e-01 2.484e-01 4.560e-05 1.308e-05 1.151e-04 -1.000 2.681e-04 -0.182 -0.144 0.228 -0.699
0.00024632 -1.80000 10.11394 0.7862410545 2.4138156280    0.722  2.005  3.7239  2.140    7  0.000  0.529     0.00     0.00     0.00     0.00     0.00 -1    -1e-30      0.00 7.513e-01 2.484e-01 4.560e-05 1.308e-05 1.151e-04 -1.000 2.682e-04 -0.242 -0.201 0.177 -0.762
0.00024632 -1.80000 10.11394 0.7862420082 2.4138159751    0.722  2.045  3.7199  2.083    7  0.000  0.529     0.00     0.00     0.00     0.00     0.00 -1    -1e-30      0.00 7.513e-01 2.484e-01 4.560e-05 1.308e-05 1.151e-04 -1.000 2.681e-04 -0.343 -0.298 0.089 -0.868
0.00024632 -1.80000 10.11394 0.7862429619 2.4138163222    0.722  2.084  3.7165  2.031    7  0.000  0.529     0.00     0.00     0.00     0.00     0.00 -1    -1e-30      0.00 7.513e-01 2.484e-01 4.560e-05 1.308e-05 1.151e-04 -1.000 2.682e-04 -0.440 -0.391 0.004 -0.969
0.00024632 -1.80000 10.11394 0.7862437963 2.4138166259    0.722  2.119  3.7138  1.985    7  0.000  0.529     0.00     0.00     0.00     0.00     0.00 -1    -1e-30      0.00 7.513e-01 2.484e-01 4.560e-05 1.308e-05 1.151e-04 -1.000 2.682e-04 -0.527 -0.475 -0.073 -1.059
0.00024632 -1.80000 10.11394 0.7862446308 2.4138169296    0.722  2.151  3.7114  1.944    7  0.000  0.529     0.00     0.00     0.00     0.00     0.00 -1    -1e-30      0.00 7.513e-01 2.484e-01 4.560e-05 1.308e-05 1.151e-04 -1.000 2.682e-04 -0.607 -0.552 -0.144 -1.141
0.00024632 -1.80000 10.11394 0.7862459421 2.4138174069    0.722  2.185  3.7090  1.900    7  0.000  0.529     0.00     0.00     0.00     0.00     0.00 -1    -1e-30      0.00 7.513e-01 2.484e-01 4.560e-05 1.308e-05 1.151e-04 -1.000 2.682e-04 -0.692 -0.633 -0.220 -1.228
0.00024632 -1.80000 10.11394 0.7862483859 2.4138182963    0.722  2.163  3.7108  1.929    7  0.000  0.529     0.00     0.00     0.00     0.00     0.00 -1    -1e-30      0.00 7.513e-01 2.484e-01 4.560e-05 1.308e-05 1.151e-04 -1.000 2.682e-04 -0.637 -0.581 -0.172 -1.171
0.00024632 -1.80000 10.11394 0.7862524390 2.4138197714    0.722  2.133  3.7129  1.967    7  0.000  0.529     0.00     0.00     0.00     0.00     0.00 -1    -1e-30      0.00 7.513e-01 2.484e-01 4.560e-05 1.308e-05 1.151e-04 -1.000 2.681e-04 -0.563 -0.509 -0.106 -1.095
0.00024632 -1.80000 10.11394 0.7862768173 2.4138286435    0.722  2.152  3.7110  1.941    7  0.000  0.529     0.00     0.00     0.00     0.00     0.00 -1    -1e-30      0.00 7.513e-01 2.484e-01 4.560e-05 1.308e-05 1.151e-04 -1.000 2.682e-04 -0.610 -0.555 -0.146 -1.145
0.00024632 -1.80000 10.11394 0.7862916589 2.4138340445    0.722  2.185  3.7085  1.898    7  0.000  0.529     0.00     0.00     0.00     0.00     0.00 -1    -1e-30      0.00 7.513e-01 2.484e-01 4.560e-05 1.308e-05 1.151e-04 -1.000 2.682e-04 -0.693 -0.633 -0.219 -1.229
0.00024632 -1.80000 10.11394 0.7863096595 2.4138405949    0.722  2.225  3.7055  1.846    7  0.000  0.529     0.00     0.00     0.00     0.00     0.00 -1    -1e-30      0.00 7.513e-01 2.484e-01 4.560e-05 1.308e-05 1.151e-04 -1.000 2.683e-04 -0.792 -0.728 -0.306 -1.331
0.00024632 -1.80000 10.11394 0.7863279581 2.4138472533    0.722  2.267  3.7026  1.792    7  0.000  0.529     0.00     0.00     0.00     0.00     0.00 -1    -1e-30      0.00 7.513e-01 2.484e-01 4.560e-05 1.308e-05 1.151e-04 -1.000 2.682e-04 -0.898 -0.830 -0.400 -1.440
0.00024632 -1.80000 10.11394 0.7863444686 2.4138532607    0.723  2.309  3.6998  1.739    7  0.000  0.529     0.00     0.00     0.00     0.00     0.00 -1    -1e-30      0.00 7.513e-01 2.484e-01 4.560e-05 1.308e-05 1.151e-04 -1.000 2.682e-04 -1.003 -0.931 -0.493 -1.547
0.00024632 -1.80000 10.11394 0.7863590717 2.4138585740    0.723  2.351  3.6971  1.686    7  0.000  0.529     0.00     0.00     0.00     0.00     0.00 -1    -1e-30      0.00 7.514e-01 2.484e-01 4.559e-05 1.308e-05 1.151e-04 -1.000 2.659e-04 -1.107 -1.030 -0.585 -1.653
0.00024632 -1.80000 10.11394 0.7863719463 2.4138632581    0.723  2.393  3.6944  1.634    7  0.000  0.529     0.00     0.00     0.00     0.00     0.00 -1    -1e-30      0.00 7.514e-01 2.483e-01 4.558e-05 1.308e-05 1.151e-04 -1.000 2.651e-04 -1.211 -1.129 -0.677 -1.759
0.00024632 -1.80000 10.11394 0.7863833308 2.4138673999    0.723  2.434  3.6917  1.582    7  0.000  0.528     0.00     0.00     0.00     0.00     0.00 -1    -1e-30      0.00 7.514e-01 2.483e-01 4.550e-05 1.311e-05 1.151e-04 -1.000 2.651e-04 -1.315 -1.227 -0.768 -1.864
0.00024632 -1.80000 10.11394 0.7863933444 2.4138710428    0.723  2.475  3.6891  1.530    7  0.000  0.524     0.00     0.00     0.00     0.00     0.00 -1    -1e-30      0.00 7.514e-01 2.483e-01 4.522e-05 1.327e-05 1.151e-04 -1.000 2.653e-04 -1.418 -1.325 -0.858 -1.967
0.00024632 -1.80000 10.11394 0.7864024639 2.4138743604    0.723  2.516  3.6865  1.478    7  0.000  0.514     6.78     5.41     3.84     2.97     2.40  3    -1e-30      0.00 7.513e-01 2.484e-01 4.452e-05 1.394e-05 1.151e-04 -1.000 2.682e-04 -1.521 -1.422 -0.947 -2.071
0.00024632 -1.80000 10.11394 0.7864108086 2.4138773961    0.723  2.558  3.6838  1.427    7  0.000  0.500     7.57     5.94     4.19     3.26     2.63  3    -1e-30      0.00 7.513e-01 2.484e-01 4.347e-05 1.511e-05 1.151e-04 -1.000 2.681e-04 -1.624 -1.519 -1.036 -2.176
0.00024632 -1.80000 10.11394 0.7864186168 2.4138802365    0.723  2.599  3.6812  1.375    7  0.000  0.486     8.45     6.52     4.59     3.57     2.88  3    -1e-30      0.00 7.513e-01 2.484e-01 4.230e-05 1.650e-05 1.151e-04 -1.000 2.682e-04 -1.727 -1.617 -1.123 -2.283
0.00024632 -1.80000 10.11394 0.7864258885 2.4138828817    0.723  2.640  3.6785  1.323    7  0.000  0.474     9.45     7.17     5.02     3.91     3.16  3    -1e-30      0.00 7.512e-01 2.486e-01 4.120e-05 1.785e-05 1.151e-04 -1.000 1.969e-04 -1.830 -1.714 -1.208 -2.389
0.00024632 -1.80000 10.11394 0.7864328027 2.4138853968    0.723  2.681  3.6758  1.271    7  0.000  0.463    10.55     7.87     5.49     4.28     3.46  2    -1e-30      0.00 7.511e-01 2.487e-01 4.022e-05 1.906e-05 1.151e-04 -1.000 2.682e-04 -1.933 -1.811 -1.292 -2.495
0.00024632 -1.80000 10.11394 0.7864394188 2.4138878034    0.723  2.722  3.6731  1.219    7  0.000  0.453    11.78     8.64     6.00     4.69     3.79  2    -1e-30      0.00 7.510e-01 2.488e-01 3.936e-05 2.011e-05 1.151e-04 -1.000 2.681e-04 -2.036 -1.906 -1.374 -2.601
0.00024632 -1.80000 10.11394 0.7864457369 2.4138901016    0.723  2.764  3.6704  1.167    7  0.000  0.445    13.17     9.50     6.57     5.14     4.16  2    -1e-30      0.00 7.508e-01 2.489e-01 3.864e-05 2.099e-05 1.151e-04 -1.000 2.683e-04 -2.139 -2.001 -1.454 -2.707
0.00024632 -1.80000 10.11394 0.7864514589 2.4138921829    0.723  2.805  3.6676  1.114    7  0.000  0.437    14.75    10.46     7.20     5.64     4.56  2    -1e-30      0.00 7.506e-01 2.491e-01 3.799e-05 2.179e-05 1.151e-04 -1.000 2.682e-04 -2.244 -2.097 -1.534 -2.814
0.00024632 -1.80000 10.11394 0.7864562273 2.4138939173    0.723  2.846  3.6648  1.062    7  0.000  0.431    16.49    11.49     7.88     6.18     5.00  2    -1e-30      0.00 7.505e-01 2.493e-01 3.746e-05 2.244e-05 1.150e-04 -1.000 2.683e-04 -2.346 -2.189 -1.610 -2.919
0.00024632 -1.80000 10.11394 0.7864602804 2.4138953915    0.723  2.888  3.6620  1.009    7  0.000  0.426    18.45    12.64     8.63     6.78     5.49  2    -1e-30      0.00 7.503e-01 2.494e-01 3.701e-05 2.302e-05 1.149e-04 -1.000 2.682e-04 -2.450 -2.282 -1.685 -3.024
0.00024632 -1.80000 10.11394 0.7864636779 2.4138966273    0.723  2.929  3.6591  0.957    7  0.000  0.422    20.62    13.89     9.44     7.42     6.02  2    -1e-30      0.00 7.501e-01 2.497e-01 3.660e-05 2.354e-05 1.148e-04 -1.000 1.970e-04 -2.552 -2.371 -1.753 -3.128
0.00024632 -1.80000 10.11394 0.7864669561 2.4138978196    0.723  2.970  3.6562  0.904    7  0.000  0.419    23.08    15.29    10.35     8.15     6.60  1    -1e-30      0.00 7.499e-01 2.498e-01 3.626e-05 2.401e-05 1.147e-04 -1.000 2.683e-04 -2.655 -2.460 -1.823 -3.229
0.00024632 -1.80000 10.11394 0.7864702344 2.4138990120    0.723  3.014  3.6530  0.847    7  0.000  0.417    26.02    16.93    11.40     8.99     7.29  1    -1e-30      0.00 7.498e-01 2.500e-01 3.600e-05 2.440e-05 1.145e-04 -1.000 2.682e-04 -2.764 -2.553 -1.899 -3.335
0.00024632 -1.80000 10.11394 0.7864730954 2.4139000526    0.723  3.058  3.6498  0.791    7  0.000  0.415    29.36    18.75    12.57     9.93     8.05  1    -1e-30      0.00 7.496e-01 2.502e-01 3.577e-05 2.477e-05 1.143e-04 -1.000 2.683e-04 -2.874 -2.647 -1.974 -3.441
0.00024632 -1.80000 10.11394 0.7864741087 2.4139004211    0.723  3.063  3.6494  0.784    7  0.000  0.414    29.79    18.98    12.72    10.05     8.15  1    -1e-30      0.00 7.496e-01 2.502e-01 3.568e-05 2.492e-05 1.142e-04 -1.000 2.683e-04 -2.886 -2.658 -1.982 -3.452
0.00024632 -1.80000 10.11394 0.7864743471 2.4139005078    0.723  3.097  3.6469  0.740    7  0.000  0.414    32.73    20.56    13.73    10.86     8.80  1    -1e-30      0.00 7.495e-01 2.503e-01 3.558e-05 2.515e-05 1.141e-04 -1.000 2.683e-04 -2.972 -2.729 -2.040 -3.534
0.00024632 -1.80000 10.11394 0.7864745855 2.4139005945    0.723  3.135  3.6440  0.690    7  0.000  0.412    36.41    22.51    14.97    11.85     9.61  1    -1e-30      0.00 7.492e-01 2.506e-01 3.535e-05 2.574e-05 1.137e-04 -1.000 2.683e-04 -3.068 -2.810 -2.104 -3.625
0.00024632 -1.80000 10.11394 0.7864750028 2.4139007463    0.723  3.173  3.6411  0.640    7  0.000  0.411    40.47    24.62    16.30    12.93    10.49  1    -1e-30      0.00 7.489e-01 2.508e-01 3.512e-05 2.637e-05 1.133e-04 -1.000 2.682e-04 -3.163 -2.889 -2.166 -3.715
0.00024632 -1.80000 10.11394 0.7864752412 2.4139008330    0.723  3.178  3.6407  0.634    7  0.526  0.411    41.01    24.89    16.48    13.07    10.60  1 -4.51e-30      0.00 7.488e-01 2.509e-01 3.501e-05 2.662e-05 1.132e-04 -1.000 2.673e-04 -3.175 -2.898 -2.173 -3.726
0.00024632 -1.80000 10.11394 0.7864753008 2.4139008547    0.723  3.237  3.6336  0.547    8  0.526  0.415    49.39    29.15    19.16    15.23    12.36  1  -4.5e-07      0.00 7.462e-01 2.536e-01 3.495e-05 2.947e-05 1.140e-04 -1.000 2.326e-04 -3.321 -3.002 -2.236 -3.854
0.00024632 -1.80000 10.11394 0.7864753604 2.4139008764    0.721  3.027  3.6495  0.819    8  0.526  0.409    27.61    17.80    11.96     9.44     7.65  1 -1.85e-07      0.00 7.462e-01 2.536e-01 3.495e-05 2.947e-05 1.140e-04 -1.000 2.325e-04 -2.796 -2.569 -1.898 -3.361
0.00024632 -1.80000 10.11394 0.7864754796 2.4139009197    0.720  2.871  3.6612  1.021    8  0.526  0.409    17.96    12.36     8.44     6.63     5.37  2    -1e-07      0.00 7.462e-01 2.536e-01 3.495e-05 2.947e-05 1.140e-04 -1.000 2.326e-04 -2.408 -2.238 -1.638 -2.982
0.00024632 -1.80000 10.11394 0.7864756584 2.4139009848    0.716  2.670  3.6765  1.282    8  0.526  0.409    10.29     7.70     5.38     4.19     3.39  3 -4.83e-08      0.00 7.462e-01 2.536e-01 3.495e-05 2.947e-05 1.140e-04 -1.000 2.325e-04 -1.904 -1.784 -1.268 -2.465
0.00024632 -1.80000 10.11394 0.7864759564 2.4139010932    0.711  2.676  3.6760  1.270    8  0.526  0.409    10.52     7.85     5.47     4.27     3.45  2 -4.98e-08      0.00 7.462e-01 2.536e-01 3.495e-05 2.947e-05 1.140e-04 -1.000 2.326e-04 -1.919 -1.797 -1.279 -2.481
0.00024632 -1.80000 10.11394 0.7864762545 2.4139012015    0.705  2.771  3.6686  1.142    8  0.526  0.409    13.79     9.88     6.81     5.33     4.32  2 -7.09e-08      0.00 7.462e-01 2.536e-01 3.495e-05 2.947e-05 1.140e-04 -1.000 2.327e-04 -2.156 -2.013 -1.457 -2.726
0.00024632 -1.80000 10.11394 0.7864766717 2.4139013533    0.698  2.951  3.6546  0.902    8  0.526  0.409    22.99    15.21    10.29     8.11     6.57  1 -1.45e-07      0.00 7.462e-01 2.536e-01 3.495e-05 2.947e-05 1.140e-04 -1.000 2.326e-04 -2.607 -2.405 -1.763 -3.178
0.00024632 -1.80000 10.11394 0.7864772081 2.4139015484    0.689  3.110  3.6423  0.688    8  0.527  0.409    36.20    22.32    14.83    11.76     9.54  1 -2.86e-07      0.00 7.462e-01 2.536e-01 3.495e-05 2.947e-05 1.140e-04 -1.000 2.326e-04 -3.005 -2.738 -2.026 -3.558
0.00024632 -1.80000 10.11394 0.7864777446 2.4139017435    0.680  3.216  3.6340  0.542    8  0.527  0.409    49.28    28.93    19.00    15.13    12.28  1 -4.66e-07      0.00 7.462e-01 2.536e-01 3.495e-05 2.947e-05 1.140e-04 -1.000 2.326e-04 -3.270 -2.952 -2.187 -3.803
0.00024632 -1.80000 10.11394 0.7864783406 2.4139019603    0.669  3.275  3.6292  0.457    8  0.528  0.409    58.94    33.60    21.91    17.50    14.20  1 -6.27e-07      0.00 7.462e-01 2.536e-01 3.495e-05 2.947e-05 1.140e-04 -1.000 2.326e-04 -3.418 -3.068 -2.270 -3.938
0.00024632 -1.80000 10.11394 0.7864790559 2.4139022204    0.657  3.306  3.6266  0.408    8  0.528  0.409    65.23    36.53    23.72    18.98    15.41  0 -7.47e-07      0.00 7.462e-01 2.536e-01 3.495e-05 2.947e-05 1.140e-04 -1.000 2.326e-04 -3.494 -3.124 -2.307 -4.006
0.00024632 -1.80000 10.11394 0.7864798307 2.4139025023    0.645  3.325  3.6248  0.374    8  0.528  0.409    70.06    38.71    25.05    20.08    16.30  0  -8.5e-07      0.00 7.462e-01 2.536e-01 3.495e-05 2.947e-05 1.140e-04 -1.000 2.325e-04 -3.542 -3.159 -2.327 -4.049
0.00024632 -1.80000 10.11394 0.7864834070 2.4139038030    0.530 -9.999  4.0000  1.854    9  0.530  0.000     0.00     0.00     0.00     0.00     0.00 -1    -1e-30      0.00 7.462e-01 2.536e-01 3.495e-05 2.947e-05 1.140e-04 -1.000 2.325e-04 29.767 30.114 30.119 30.091
#isochrone terminated
