# File generated by CMD 3.8 (http://stev.oapd.inaf.it/cmd) on Tue Apr  8 13:50:12 UTC 2025
# isochrones based on PARSEC release v1.2S +  COLIBRI S_37 + S_35 + PR16
# Basic references: Bressan et al. (2012), MNRAS, 427, 127 + Chen et al. (2014, 2015), MNRAS, 444, 2525 + MNRAS, 452, 1068 + Tang et al. (2014), MNRAS, 445, 4287 + Marigo et al. (2017), ApJ, 835, 77 + Pastorelli al. (2019), MNRAS, 485, 5666 + Pastorelli al. (2020), MNRAS, in press
# Thermal pulse cycles included 
# On RGB, assumed Reimers mass loss with efficiency eta=0.2
# LPV periods and growth rates added cf. Trabucchi et al. (2019)
# but fundamental-mode LPV periods + transition are from Trabucchi et al. (2021)
# Photometric system: Gaia EDR3 (all Vegamags, Gaia passbands from ESA/Gaia website)
# Attention: photometry includes extinction of Av=0.062, with coefficients derived star-by-star, for Cardelli et al 89 + O'Donnell 94 Rv=3.1 extinction curve.
# Using YBC version of bolometric corrections as in Chen et al. (2019)
# O-rich circumstellar dpmod60alox40 dust from Groenewegen (2006)
# C-rich circumstellar AMCSIC15 dust from Groenewegen (2006)
# IMF: Kroupa (2001, 2002) + Kroupa et al. (2013) canonical two-part-power law IMF corrected for unresolved binaries 
# Kind of output: isochrone tables
# Zini     MH   logAge Mini        int_IMF         Mass   logL    logTe  logg  label   McoreTP C_O  period0  period1  period2  period3  period4  pmode  Mloss  tau1m   X   Y   Xc  Xn  Xo  Cexcess  Z 	 mbolmag  Gmag    G_BPmag  G_RPmag
0.00025792 -1.78000 10.04139 0.0900000110 1.0816896640    0.090 -3.197  3.4840  5.477    1  0.000  0.545     0.00     0.00     0.00     0.00     0.00 -1 -4.86e-17      0.00 7.485e-01 2.512e-01 5.093e-05 1.374e-05 1.246e-04 -1.000 2.832e-04 12.763 13.561 15.302 12.330
0.00025792 -1.78000 10.04139 0.0966402069 1.1424117825    0.097 -2.956  3.5193  5.408    1  0.000  0.545     0.00     0.00     0.00     0.00     0.00 -1 -8.85e-17      0.00 7.470e-01 2.527e-01 5.093e-05 1.374e-05 1.246e-04 -1.000 2.833e-04 12.159 12.808 14.101 11.702
0.00025792 -1.78000 10.04139 0.1000000015 1.1711064122    0.100 -2.840  3.5363  5.375    1  0.000  0.545     0.00     0.00     0.00     0.00     0.00 -1 -1.18e-16      0.00 7.462e-01 2.535e-01 5.093e-05 1.374e-05 1.246e-04 -1.000 2.832e-04 11.870 12.443 13.590 11.393
0.00025792 -1.78000 10.04139 0.1200000048 1.3193154741    0.120 -2.548  3.5671  5.285    1  0.000  0.545     0.00     0.00     0.00     0.00     0.00 -1 -2.34e-16      0.00 7.434e-01 2.563e-01 5.093e-05 1.374e-05 1.246e-04 -1.000 2.832e-04 11.139 11.579 12.523 10.620
0.00025792 -1.78000 10.04139 0.1400000006 1.4384526719    0.140 -2.365  3.5820  5.229    1  0.000  0.545     0.00     0.00     0.00     0.00     0.00 -1 -3.53e-16      0.00 7.414e-01 2.583e-01 5.093e-05 1.374e-05 1.246e-04 -1.000 2.832e-04 10.682 11.065 11.933 10.146
0.00025792 -1.78000 10.04139 0.1599999964 1.5372931554    0.160 -2.222  3.5918  5.183    1  0.000  0.545     0.00     0.00     0.00     0.00     0.00 -1 -4.83e-16      0.00 7.401e-01 2.597e-01 5.093e-05 1.374e-05 1.246e-04 -1.000 2.832e-04 10.324 10.674 11.497 9.780
0.00025792 -1.78000 10.04139 0.2000000179 1.6938791367    0.200 -2.001  3.6042  5.109    1  0.000  0.545     0.00     0.00     0.00     0.00     0.00 -1 -7.81e-16      0.00 7.391e-01 2.606e-01 5.093e-05 1.374e-05 1.246e-04 -1.000 2.832e-04 9.773 10.082 10.851 9.220
0.00025792 -1.78000 10.04139 0.2500000000 1.8403257998    0.250 -1.799  3.6153  5.048    1  0.000  0.545     0.00     0.00     0.00     0.00     0.00 -1  -1.2e-15      0.00 7.392e-01 2.605e-01 5.093e-05 1.374e-05 1.246e-04 -1.000 2.832e-04 9.266 9.540 10.264 8.705
0.00025792 -1.78000 10.04139 0.3000000715 1.9529140962    0.300 -1.643  3.6242  5.007    1  0.000  0.545     0.00     0.00     0.00     0.00     0.00 -1 -1.64e-15      0.00 7.393e-01 2.604e-01 5.092e-05 1.374e-05 1.246e-04 -1.000 2.832e-04 8.878 9.123 9.813 8.311
0.00025792 -1.78000 10.04139 0.3500000238 2.0434175133    0.350 -1.516  3.6322  4.979    1  0.000  0.544     0.00     0.00     0.00     0.00     0.00 -1  -2.1e-15      0.00 7.392e-01 2.605e-01 5.090e-05 1.374e-05 1.246e-04 -1.000 2.832e-04 8.560 8.782 9.441 7.989
0.00025792 -1.78000 10.04139 0.4000000060 2.1185024399    0.400 -1.386  3.6419  4.946    1  0.000  0.545     0.00     0.00     0.00     0.00     0.00 -1 -2.75e-15      0.00 7.503e-01 2.494e-01 5.093e-05 1.374e-05 1.246e-04 -1.000 2.832e-04 8.235 8.427 9.053 7.659
0.00025792 -1.78000 10.04139 0.4500000477 2.1822809714    0.450 -1.226  3.6581  4.901    1  0.000  0.545     0.00     0.00     0.00     0.00     0.00 -1 -3.95e-15      0.00 7.506e-01 2.491e-01 5.093e-05 1.374e-05 1.246e-04 -1.000 2.833e-04 7.834 7.982 8.554 7.253
0.00025792 -1.78000 10.04139 0.4758532345 2.2117507448    0.476 -1.131  3.6690  4.874    1  0.000  0.545     0.00     0.00     0.00     0.00     0.00 -1 -4.93e-15      0.00 7.506e-01 2.491e-01 5.093e-05 1.374e-05 1.246e-04 -1.000 2.832e-04 7.597 7.717 8.256 7.014
0.00025792 -1.78000 10.04139 0.5000000000 2.2374541529    0.500 -1.046  3.6786  4.850    1  0.000  0.545     0.00     0.00     0.00     0.00     0.00 -1 -6.01e-15      0.00 7.506e-01 2.491e-01 5.093e-05 1.374e-05 1.246e-04 -1.000 2.832e-04 7.386 7.484 7.996 6.804
0.00025792 -1.78000 10.04139 0.5500000715 2.2836583126    0.550 -0.842  3.7001  4.773    1  0.000  0.544     0.00     0.00     0.00     0.00     0.00 -1    -1e-14      0.00 7.819e-01 2.179e-01 4.493e-05 1.213e-05 1.101e-04 -1.000 1.846e-04 6.876 6.934 7.389 6.302
0.00025792 -1.78000 10.04139 0.6000000238 2.3211213258    0.600 -0.638  3.7256  4.708    1  0.000  0.544     0.00     0.00     0.00     0.00     0.00 -1 -1.65e-14      0.00 7.929e-01 2.068e-01 4.294e-05 1.160e-05 1.053e-04 -1.000 2.466e-04 6.366 6.394 6.790 5.815
0.00025792 -1.78000 10.04139 0.6114655733 2.3287250664    0.611 -0.589  3.7323  4.695    1  0.000  0.544     0.00     0.00     0.00     0.00     0.00 -1 -1.86e-14      0.00 7.960e-01 2.037e-01 4.240e-05 1.146e-05 1.040e-04 -1.000 2.257e-04 6.243 6.266 6.648 5.702
0.00025792 -1.78000 10.04139 0.6246653795 2.3370826475    0.624 -0.533  3.7400  4.678    1  0.000  0.543     0.00     0.00     0.00     0.00     0.00 -1 -2.13e-14      0.00 7.998e-01 2.000e-01 4.175e-05 1.128e-05 1.024e-04 -1.000 2.288e-04 6.102 6.120 6.486 5.572
0.00025792 -1.78000 10.04139 0.6359554529 2.3439153929    0.636 -0.484  3.7465  4.663    1  0.000  0.543     0.00     0.00     0.00     0.00     0.00 -1 -2.41e-14      0.00 8.031e-01 1.966e-01 4.116e-05 1.112e-05 1.010e-04 -1.000 2.321e-04 5.980 5.998 6.350 5.463
0.00025792 -1.78000 10.04139 0.6468732357 2.3502626344    0.647 -0.437  3.7527  4.648    1  0.000  0.543     0.00     0.00     0.00     0.00     0.00 -1 -2.71e-14      0.00 8.066e-01 1.932e-01 4.057e-05 1.096e-05 9.958e-05 -1.000 2.478e-04 5.861 5.879 6.218 5.358
0.00025792 -1.78000 10.04139 0.6499999762 2.3520353107    0.650 -0.423  3.7545  4.644    1  0.000  0.543     0.00     0.00     0.00     0.00     0.00 -1  -2.8e-14      0.00 8.076e-01 1.922e-01 4.039e-05 1.092e-05 9.917e-05 -1.000 2.279e-04 5.827 5.844 6.180 5.327
0.00025792 -1.78000 10.04139 0.6595065594 2.3573064498    0.659 -0.381  3.7596  4.628    1  0.000  0.543     0.00     0.00     0.00     0.00     0.00 -1 -3.12e-14      0.00 8.114e-01 1.884e-01 3.973e-05 1.074e-05 9.758e-05 -1.000 2.224e-04 5.722 5.740 6.065 5.234
0.00025792 -1.78000 10.04139 0.6728438139 2.3644136373    0.673 -0.321  3.7666  4.605    1  0.000  0.542     0.00     0.00     0.00     0.00     0.00 -1 -3.63e-14      0.00 8.171e-01 1.826e-01 3.873e-05 1.048e-05 9.523e-05 -1.000 2.555e-04 5.573 5.593 5.904 5.103
0.00025792 -1.78000 10.04139 0.6851922274 2.3707110088    0.685 -0.265  3.7729  4.582    1  0.000  0.542     0.00     0.00     0.00     0.00     0.00 -1 -4.21e-14      0.00 8.228e-01 1.769e-01 3.775e-05 1.022e-05 9.287e-05 -1.000 2.514e-04 5.433 5.455 5.754 4.978
0.00025792 -1.78000 10.04139 0.6965371370 2.3762708696    0.696 -0.212  3.7786  4.559    1  0.000  0.541     0.00     0.00     0.00     0.00     0.00 -1 -4.65e-14      0.00 8.285e-01 1.713e-01 3.678e-05 9.956e-06 9.055e-05 -1.000 2.400e-04 5.300 5.326 5.614 4.861
0.00025792 -1.78000 10.04139 0.7000000477 2.3779267258    0.700 -0.195  3.7803  4.551    1  0.000  0.541     0.00     0.00     0.00     0.00     0.00 -1 -5.06e-14      0.00 8.303e-01 1.695e-01 3.647e-05 9.874e-06 8.981e-05 -1.000 2.161e-04 5.259 5.285 5.570 4.824
0.00025792 -1.78000 10.04139 0.7072878480 2.3813506892    0.707 -0.160  3.7837  4.534    1  0.000  0.540     0.00     0.00     0.00     0.00     0.00 -1 -5.57e-14      0.00 8.345e-01 1.653e-01 3.568e-05 9.681e-06 8.810e-05 -1.000 1.554e-04 5.170 5.199 5.477 4.745
0.00025792 -1.78000 10.04139 0.7177661657 2.3861337723    0.717 -0.108  3.7885  4.507    1  0.000  0.538     0.00     0.00     0.00     0.00     0.00 -1 -6.43e-14      0.00 8.404e-01 1.594e-01 3.457e-05 9.410e-06 8.570e-05 -1.000 2.015e-04 5.039 5.070 5.340 4.627
0.00025792 -1.78000 10.04139 0.7276450396 2.3904984437    0.727 -0.056  3.7930  4.479    1  0.000  0.535     0.00     0.00     0.00     0.00     0.00 -1 -7.43e-14      0.00 8.457e-01 1.542e-01 3.359e-05 9.171e-06 8.360e-05 -1.000 1.872e-04 4.909 4.942 5.204 4.509
0.00025792 -1.78000 10.04139 0.7363166213 2.3942189153    0.736 -0.008  3.7968  4.452    1  0.000  0.534     0.00     0.00     0.00     0.00     0.00 -1 -8.51e-14      0.00 8.500e-01 1.498e-01 3.280e-05 8.980e-06 8.192e-05 -1.000 1.747e-04 4.790 4.824 5.079 4.399
0.00025792 -1.78000 10.04139 0.7448793054 2.3977950858    0.744  0.042  3.8004  4.422    1  0.000  0.532     0.00     0.00     0.00     0.00     0.00 -1  -9.8e-14      0.00 8.539e-01 1.459e-01 3.210e-05 8.813e-06 8.045e-05 -1.000 1.578e-04 4.666 4.702 4.950 4.285
0.00025792 -1.78000 10.04139 0.7500000000 2.3998889087    0.749  0.072  3.8026  4.403    1  0.000  0.531     0.00     0.00     0.00     0.00     0.00 -1 -1.07e-13      0.00 8.561e-01 1.438e-01 3.172e-05 8.724e-06 7.967e-05 -1.000 1.554e-04 4.589 4.625 4.870 4.213
0.00025792 -1.78000 10.04139 0.7563843131 2.4024538088    0.756  0.112  3.8053  4.377    1  0.000  0.530     0.00     0.00     0.00     0.00     0.00 -1  -1.2e-13      0.00 8.570e-01 1.428e-01 3.166e-05 8.710e-06 7.958e-05 -1.000 1.646e-04 4.489 4.526 4.766 4.120
0.00025792 -1.78000 10.04139 0.7643547654 2.4055868849    0.764  0.166  3.8088  4.342    1  0.000  0.530     0.00     0.00     0.00     0.00     0.00 -1 -1.41e-13      0.00 8.581e-01 1.417e-01 3.160e-05 8.698e-06 7.951e-05 -1.000 2.080e-04 4.356 4.393 4.627 3.995
0.00025792 -1.78000 10.04139 0.7717009783 2.4084087662    0.771  0.219  3.8118  4.305    1  0.000  0.529     0.00     0.00     0.00     0.00     0.00 -1 -1.65e-13      0.00 8.589e-01 1.409e-01 3.157e-05 8.693e-06 7.949e-05 -1.000 1.957e-04 4.223 4.260 4.489 3.869
0.00025792 -1.78000 10.04139 0.7784245014 2.4109378440    0.778  0.271  3.8143  4.267    1  0.000  0.529     0.00     0.00     0.00     0.00     0.00 -1 -1.94e-13      0.00 8.597e-01 1.402e-01 3.155e-05 8.691e-06 7.950e-05 -1.000 1.554e-04 4.093 4.129 4.353 3.744
0.00025792 -1.78000 10.04139 0.7845766544 2.4132083777    0.784  0.322  3.8163  4.227    1  0.000  0.529     0.00     0.00     0.00     0.00     0.00 -1 -2.28e-13      0.00 8.601e-01 1.397e-01 3.156e-05 8.697e-06 7.958e-05 -1.000 1.656e-04 3.964 4.000 4.221 3.619
0.00025792 -1.78000 10.04139 0.7903075814 2.4152869207    0.789  0.373  3.8176  4.184    1  0.000  0.529     0.00     0.00     0.00     0.00     0.00 -1 -2.68e-13      0.00 8.594e-01 1.404e-01 3.177e-05 8.755e-06 8.011e-05 -1.000 1.750e-04 3.837 3.871 4.090 3.494
0.00025792 -1.78000 10.04139 0.7942339182 2.4166910636    0.793  0.410  3.8182  4.152    1  0.000  0.529     0.00     0.00     0.00     0.00     0.00 -1 -3.03e-13      0.00 8.586e-01 1.412e-01 3.195e-05 8.805e-06 8.058e-05 -1.000 1.802e-04 3.745 3.778 3.996 3.403
0.00025792 -1.78000 10.04139 0.7955781221 2.4171681191    0.794  0.424  3.8180  4.138    1  0.000  0.529     0.00     0.00     0.00     0.00     0.00 -1 -3.18e-13      0.00 8.583e-01 1.415e-01 3.202e-05 8.824e-06 8.075e-05 -1.000 1.808e-04 3.710 3.742 3.960 3.367
0.00025792 -1.78000 10.04139 0.8000000119 2.4187244405    0.799  0.473  3.8167  4.086    1  0.000  0.529     0.00     0.00     0.00     0.00     0.00 -1 -3.75e-13      0.00 8.574e-01 1.424e-01 3.224e-05 8.884e-06 8.131e-05 -1.000 1.832e-04 3.587 3.618 3.838 3.241
0.00025792 -1.78000 10.04139 0.8007218242 2.4189766123    0.799  0.481  3.8165  4.078    1  0.000  0.529     0.00     0.00     0.00     0.00     0.00 -1 -3.85e-13      0.00 8.572e-01 1.427e-01 3.228e-05 8.897e-06 8.142e-05 -1.000 1.843e-04 3.567 3.598 3.818 3.221
0.00025792 -1.78000 10.04139 0.8047217131 2.4203645867    0.803  0.532  3.8134  4.017    1  0.000  0.529     0.00     0.00     0.00     0.00     0.00 -1 -4.64e-13      0.00 8.559e-01 1.440e-01 3.254e-05 8.967e-06 8.206e-05 -1.000 1.903e-04 3.440 3.469 3.692 3.085
0.00025792 -1.78000 10.04139 0.8053975701 2.4205975461    0.804  0.541  3.8127  4.004    1  0.000  0.529     0.00     0.00     0.00     0.00     0.00 -1 -4.83e-13      0.00 8.556e-01 1.442e-01 3.258e-05 8.979e-06 8.216e-05 -1.000 1.912e-04 3.416 3.445 3.669 3.060
0.00025792 -1.78000 10.04139 0.8060719967 2.4208295646    0.805  0.552  3.8116  3.990    2  0.000  0.529     0.00     0.00     0.00     0.00     0.00 -1 -5.04e-13      0.00 8.554e-01 1.444e-01 3.263e-05 8.991e-06 8.227e-05 -1.000 1.922e-04 3.391 3.419 3.645 3.032
0.00025792 -1.78000 10.04139 0.8083367944 2.4216054510    0.807  0.589  3.8065  3.934    2  0.000  0.529     0.00     0.00     0.00     0.00     0.00 -1 -5.82e-13      0.00 8.547e-01 1.451e-01 3.277e-05 9.030e-06 8.263e-05 -1.000 1.955e-04 3.297 3.323 3.557 2.926
0.00025792 -1.78000 10.04139 0.8100613952 2.4221929289    0.808  0.622  3.8002  3.876    2  0.000  0.529     0.00     0.00     0.00     0.00     0.00 -1  -6.7e-13      0.00 8.541e-01 1.457e-01 3.288e-05 9.060e-06 8.290e-05 -1.000 1.981e-04 3.214 3.239 3.483 2.828
0.00025792 -1.78000 10.04139 0.8114062548 2.4226490571    0.810  0.652  3.7926  3.817    2  0.000  0.529     0.00     0.00     0.00     0.00     0.00 -1 -7.67e-13      0.00 8.537e-01 1.461e-01 3.297e-05 9.084e-06 8.311e-05 -1.000 2.001e-04 3.140 3.163 3.419 2.737
0.00025792 -1.78000 10.04139 0.8124874830 2.4230145121    0.811  0.678  3.7843  3.758    2  0.000  0.529     0.00     0.00     0.00     0.00     0.00 -1 -8.72e-13      0.00 8.501e-01 1.497e-01 3.407e-05 9.383e-06 8.582e-05 -1.000 2.004e-04 3.074 3.097 3.367 2.654
0.00025792 -1.78000 10.04139 0.8133876324 2.4233179102    0.812  0.702  3.7758  3.701    2  0.000  0.530     0.00     0.00     0.00     0.00     0.00 -1 -9.84e-13      0.00 8.382e-01 1.616e-01 3.644e-05 1.002e-05 9.159e-05 -1.000 1.953e-04 3.015 3.037 3.323 2.576
0.00025792 -1.78000 10.04139 0.8141714334 2.4235814645    0.812  0.724  3.7679  3.647    2  0.000  0.533     0.00     0.00     0.00     0.00     0.00 -1  -1.1e-12      0.00 8.137e-01 1.861e-01 4.022e-05 1.104e-05 1.006e-04 -1.000 2.343e-04 2.959 2.981 3.281 2.504
0.00025792 -1.78000 10.04139 0.8148943186 2.4238240190    0.813  0.749  3.7604  3.593    2  0.000  0.535     0.00     0.00     0.00     0.00     0.00 -1 -1.24e-12      0.00 7.933e-01 2.064e-01 4.332e-05 1.187e-05 1.080e-04 -1.000 2.186e-04 2.897 2.921 3.234 2.428
0.00025792 -1.78000 10.04139 0.8156197071 2.4240669165    0.814  0.782  3.7533  3.531    2  0.000  0.536     0.00     0.00     0.00     0.00     0.00 -1 -1.43e-12      0.00 7.804e-01 2.194e-01 4.531e-05 1.240e-05 1.128e-04 -1.000 2.573e-04 2.815 2.840 3.167 2.332
0.00025792 -1.78000 10.04139 0.8161868453 2.4242564779    0.814  0.817  3.7486  3.479    2  0.000  0.536     0.00     0.00     0.00     0.00     0.00 -1 -1.65e-12      0.00 7.744e-01 2.254e-01 4.625e-05 1.265e-05 1.150e-04 -1.000 2.714e-04 2.729 2.756 3.091 2.238
0.00025792 -1.78000 10.04139 0.8167479634 2.4244437291    0.815  0.857  3.7446  3.422    2  0.000  0.536     0.00     0.00     0.00     0.00     0.00 -1 -1.93e-12      0.00 7.703e-01 2.295e-01 4.689e-05 1.282e-05 1.166e-04 -1.000 2.556e-04 2.627 2.656 2.999 2.130
0.00025792 -1.78000 10.04139 0.8169239759 2.4245024055    0.815  0.872  3.7436  3.404    3  0.000  0.536     0.00     0.00     0.00     0.00     0.00 -1 -2.05e-12      0.00 7.694e-01 2.304e-01 4.703e-05 1.286e-05 1.169e-04 -1.000 2.175e-04 2.590 2.619 2.964 2.091
0.00025792 -1.78000 10.04139 0.8173961639 2.4246596727    0.815  0.914  3.7413  3.352    3  0.000  0.537     0.00     0.00     0.00     0.00     0.00 -1 -2.39e-12      0.00 7.669e-01 2.328e-01 4.737e-05 1.295e-05 1.177e-04 -1.000 2.803e-04 2.484 2.515 2.864 1.982
0.00025792 -1.78000 10.04139 0.8179125190 2.4248314113    0.816  0.964  3.7389  3.293    3  0.000  0.537     0.00     0.00     0.00     0.00     0.00 -1 -2.86e-12      0.00 7.646e-01 2.351e-01 4.766e-05 1.303e-05 1.184e-04 -1.000 2.743e-04 2.360 2.392 2.746 1.855
0.00025792 -1.78000 10.04139 0.8183509111 2.4249770239    0.816  1.009  3.7371  3.241    3  0.000  0.537     0.00     0.00     0.00     0.00     0.00 -1 -3.37e-12      0.00 7.628e-01 2.369e-01 4.786e-05 1.308e-05 1.189e-04 -1.000 2.742e-04 2.247 2.280 2.638 1.739
0.00025792 -1.78000 10.04139 0.8187697530 2.4251159754    0.817  1.056  3.7354  3.188    3  0.000  0.537     0.00     0.00     0.00     0.00     0.00 -1 -3.98e-12      0.00 7.612e-01 2.385e-01 4.802e-05 1.313e-05 1.193e-04 -1.000 2.832e-04 2.131 2.166 2.526 1.622
0.00025792 -1.78000 10.04139 0.8191950917 2.4252569150    0.817  1.106  3.7337  3.131    3  0.000  0.537     0.00     0.00     0.00     0.00     0.00 -1 -4.78e-12      0.00 7.594e-01 2.403e-01 4.815e-05 1.317e-05 1.196e-04 -1.000 2.786e-04 2.005 2.041 2.405 1.494
0.00025792 -1.78000 10.04139 0.8195859790 2.4253862906    0.817  1.156  3.7322  3.075    3  0.000  0.536     0.00     0.00     0.00     0.00     0.00 -1 -5.72e-12      0.00 7.579e-01 2.419e-01 4.822e-05 1.321e-05 1.199e-04 -1.000 2.681e-04 1.879 1.917 2.284 1.367
0.00025792 -1.78000 10.04139 0.8199368119 2.4255022881    0.817  1.205  3.7307  3.020    3  0.000  0.535     0.00     0.00     0.00     0.00     0.00 -1 -6.81e-12      0.00 7.565e-01 2.433e-01 4.823e-05 1.326e-05 1.201e-04 -1.000 2.563e-04 1.757 1.797 2.166 1.244
0.00025792 -1.78000 10.04139 0.8202435374 2.4256036088    0.818  1.251  3.7292  2.968    3  0.000  0.534     0.00     0.00     0.00     0.00     0.00 -1 -8.04e-12      0.00 7.552e-01 2.445e-01 4.818e-05 1.333e-05 1.203e-04 -1.000 2.729e-04 1.642 1.683 2.054 1.127
0.00025792 -1.78000 10.04139 0.8205422759 2.4257022073    0.818  1.300  3.7277  2.913    3  0.000  0.533     0.00     0.00     0.00     0.00     0.00 -1 -9.59e-12      0.00 7.540e-01 2.457e-01 4.806e-05 1.344e-05 1.205e-04 -1.000 2.829e-04 1.519 1.562 1.936 1.003
0.00025792 -1.78000 10.04139 0.8208288550 2.4257967151    0.818  1.351  3.7261  2.856    3  0.000  0.530     0.00     0.00     0.00     0.00     0.00 -1 -1.15e-11      0.00 7.530e-01 2.467e-01 4.788e-05 1.361e-05 1.206e-04 -1.000 2.771e-04 1.391 1.435 1.813 0.874
0.00025792 -1.78000 10.04139 0.8210691214 2.4258758915    0.818  1.398  3.7246  2.803    3  0.000  0.528     0.00     0.00     0.00     0.00     0.00 -1 -1.36e-11      0.00 7.522e-01 2.475e-01 4.770e-05 1.379e-05 1.207e-04 -1.000 2.721e-04 1.274 1.319 1.700 0.755
0.00025792 -1.78000 10.04139 0.8212882876 2.4259480682    0.818  1.445  3.7231  2.750    3  0.000  0.526     0.00     0.00     0.00     0.00     0.00 -1 -1.61e-11      0.00 7.515e-01 2.482e-01 4.751e-05 1.398e-05 1.207e-04 -1.000 2.824e-04 1.158 1.205 1.588 0.638
0.00025792 -1.78000 10.04139 0.8214943409 2.4260158860    0.818  1.492  3.7215  2.696    3  0.000  0.524     0.00     0.00     0.00     0.00     0.00 -1 -1.92e-11      0.00 7.510e-01 2.487e-01 4.734e-05 1.416e-05 1.208e-04 -1.000 2.797e-04 1.039 1.087 1.474 0.517
0.00025792 -1.78000 10.04139 0.8216764927 2.4260758046    0.818  1.538  3.7199  2.644    3  0.000  0.522     0.00     0.00     0.00     0.00     0.00 -1 -2.26e-11      0.00 7.506e-01 2.491e-01 4.721e-05 1.431e-05 1.208e-04 -1.000 2.780e-04 0.924 0.974 1.364 0.401
0.00025792 -1.78000 10.04139 0.8218497038 2.4261327539    0.818  1.586  3.7182  2.589    3  0.000  0.521     0.00     0.00     0.00     0.00     0.00 -1 -2.69e-11      0.00 7.503e-01 2.494e-01 4.711e-05 1.442e-05 1.209e-04 -1.000 2.806e-04 0.804 0.856 1.249 0.280
0.00025792 -1.78000 10.04139 0.8220024109 2.4261829389    0.818  1.632  3.7166  2.537    3  0.000  0.520     0.00     0.00     0.00     0.00     0.00 -1 -3.18e-11      0.00 7.502e-01 2.495e-01 4.705e-05 1.449e-05 1.209e-04 -1.000 2.832e-04 0.689 0.743 1.140 0.164
0.00025792 -1.78000 10.04139 0.8221383095 2.4262275819    0.818  1.677  3.7149  2.485    3  0.000  0.520     0.00     0.00     0.00     0.00     0.00 -1 -3.74e-11      0.00 7.501e-01 2.496e-01 4.701e-05 1.452e-05 1.209e-04 -1.000 2.833e-04 0.577 0.634 1.034 0.051
0.00025792 -1.78000 10.04139 0.8222677708 2.4262700945    0.818  1.723  3.7132  2.432    3  0.000  0.520     0.00     0.00     0.00     0.00     0.00 -1 -4.42e-11      0.00 7.501e-01 2.497e-01 4.700e-05 1.454e-05 1.209e-04 -1.000 2.833e-04 0.462 0.520 0.923 -0.067
0.00025792 -1.78000 10.04139 0.8223849535 2.4263085618    0.818  1.769  3.7115  2.380    3  0.000  0.520     0.00     0.00     0.00     0.00     0.00 -1 -5.22e-11      0.00 7.501e-01 2.497e-01 4.700e-05 1.454e-05 1.209e-04 -1.000 2.833e-04 0.348 0.407 0.815 -0.183
0.00025792 -1.78000 10.04139 0.8224881291 2.4263424206    0.818  1.813  3.7098  2.329    3  0.000  0.520     0.00     0.00     0.00     0.00     0.00 -1 -6.12e-11      0.00 7.500e-01 2.497e-01 4.700e-05 1.455e-05 1.209e-04 -1.000 2.833e-04 0.239 0.300 0.711 -0.294
0.00025792 -1.78000 10.04139 0.8225829005 2.4263735128    0.817  1.856  3.7081  2.279    3  0.000  0.520     0.00     0.00     0.00     0.00     0.00 -1 -7.16e-11      0.00 7.500e-01 2.497e-01 4.700e-05 1.455e-05 1.209e-04 -1.000 2.833e-04 0.130 0.194 0.609 -0.403
0.00025792 -1.78000 10.04139 0.8226746321 2.4264035999    0.817  1.901  3.7063  2.227    3  0.000  0.520     0.00     0.00     0.00     0.00     0.00 -1 -8.44e-11      0.00 7.500e-01 2.497e-01 4.699e-05 1.455e-05 1.209e-04 -1.000 2.833e-04 0.017 0.083 0.503 -0.518
0.00025792 -1.78000 10.04139 0.8227549195 2.4264299270    0.817  1.944  3.7045  2.176    3  0.000  0.520     0.00     0.00     0.00     0.00     0.00 -1 -9.88e-11      0.00 7.500e-01 2.497e-01 4.699e-05 1.456e-05 1.209e-04 -1.000 2.832e-04 -0.090 -0.021 0.402 -0.627
0.00025792 -1.78000 10.04139 0.8228287697 2.4264541381    0.817  1.986  3.7028  2.127    3  0.000  0.520     0.00     0.00     0.00     0.00     0.00 -1 -1.15e-10      0.00 7.500e-01 2.497e-01 4.699e-05 1.456e-05 1.209e-04 -1.000 2.833e-04 -0.196 -0.125 0.303 -0.734
0.00025792 -1.78000 10.04139 0.8228986859 2.4264770549    0.816  2.030  3.7010  2.076    3  0.000  0.520     0.00     0.00     0.00     0.00     0.00 -1 -1.35e-10      0.00 7.500e-01 2.497e-01 4.699e-05 1.456e-05 1.209e-04 -1.000 2.832e-04 -0.304 -0.231 0.202 -0.844
0.00025792 -1.78000 10.04139 0.8229601979 2.4264972133    0.816  2.070  3.6992  2.028    3  0.000  0.520     0.00     0.00     0.00     0.00     0.00 -1 -1.57e-10      0.00 7.500e-01 2.497e-01 4.699e-05 1.456e-05 1.209e-04 -1.000 2.833e-04 -0.405 -0.329 0.108 -0.946
0.00025792 -1.78000 10.04139 0.8230194449 2.4265166261    0.815  2.110  3.6975  1.981    3  0.000  0.520     0.00     0.00     0.00     0.00     0.00 -1 -1.82e-10      0.00 7.500e-01 2.497e-01 4.698e-05 1.457e-05 1.209e-04 -1.000 2.833e-04 -0.506 -0.426 0.015 -1.047
0.00025792 -1.78000 10.04139 0.8230809569 2.4265367777    0.815  2.148  3.6959  1.936    3  0.000  0.520     0.00     0.00     0.00     0.00     0.00 -1 -2.09e-10      0.00 7.500e-01 2.497e-01 4.698e-05 1.457e-05 1.209e-04 -1.000 2.833e-04 -0.601 -0.519 -0.073 -1.144
0.00025792 -1.78000 10.04139 0.8231359720 2.4265547979    0.814  2.173  3.6948  1.907    3  0.000  0.520     0.00     0.00     0.00     0.00     0.00 -1  -2.3e-10      0.00 7.500e-01 2.497e-01 4.698e-05 1.457e-05 1.209e-04 -1.000 2.833e-04 -0.662 -0.578 -0.130 -1.206
0.00025792 -1.78000 10.04139 0.8231740594 2.4265672718    0.814  2.160  3.6957  1.923    3  0.000  0.520     0.00     0.00     0.00     0.00     0.00 -1 -2.21e-10      0.00 7.500e-01 2.497e-01 4.698e-05 1.457e-05 1.209e-04 -1.000 2.833e-04 -0.631 -0.549 -0.102 -1.174
0.00025792 -1.78000 10.04139 0.8231791258 2.4265689310    0.814  2.159  3.6958  1.925    3  0.000  0.520     0.00     0.00     0.00     0.00     0.00 -1  -2.2e-10      0.00 7.500e-01 2.497e-01 4.698e-05 1.457e-05 1.209e-04 -1.000 2.832e-04 -0.627 -0.545 -0.099 -1.170
0.00025792 -1.78000 10.04139 0.8232075572 2.4265782415    0.814  2.185  3.6946  1.894    3  0.000  0.520     0.00     0.00     0.00     0.00     0.00 -1  -2.4e-10      0.00 7.500e-01 2.497e-01 4.698e-05 1.457e-05 1.209e-04 -1.000 2.833e-04 -0.693 -0.608 -0.159 -1.237
0.00025792 -1.78000 10.04139 0.8232505918 2.4265923328    0.813  2.227  3.6927  1.844    3  0.000  0.520     0.00     0.00     0.00     0.00     0.00 -1 -2.79e-10      0.00 7.500e-01 2.497e-01 4.698e-05 1.457e-05 1.209e-04 -1.000 2.833e-04 -0.797 -0.710 -0.255 -1.342
0.00025792 -1.78000 10.04139 0.8232907057 2.4266054662    0.813  2.268  3.6907  1.795    3  0.000  0.520     0.00     0.00     0.00     0.00     0.00 -1 -3.24e-10      0.00 7.500e-01 2.497e-01 4.698e-05 1.458e-05 1.209e-04 -1.000 2.833e-04 -0.900 -0.809 -0.349 -1.447
0.00025792 -1.78000 10.04139 0.8233277202 2.4266175835    0.812  2.309  3.6888  1.746    3  0.000  0.520     0.00     0.00     0.00     0.00     0.00 -1 -3.77e-10      0.00 7.500e-01 2.497e-01 4.698e-05 1.458e-05 1.209e-04 -1.000 2.833e-04 -1.002 -0.906 -0.441 -1.549
0.00025792 -1.78000 10.04139 0.8233602047 2.4266282168    0.812  2.347  3.6869  1.700    3  0.000  0.520     0.00     0.00     0.00     0.00     0.00 -1 -4.33e-10      0.00 7.500e-01 2.497e-01 4.698e-05 1.458e-05 1.209e-04 -1.000 2.833e-04 -1.097 -0.997 -0.526 -1.644
0.00025792 -1.78000 10.04139 0.8233918548 2.4266385761    0.811  2.386  3.6850  1.653    3  0.000  0.520     0.00     0.00     0.00     0.00     0.00 -1 -5.02e-10      0.00 7.500e-01 2.497e-01 4.697e-05 1.458e-05 1.209e-04 -1.000 2.833e-04 -1.196 -1.092 -0.615 -1.744
0.00025792 -1.78000 10.04139 0.8234196901 2.4266476860    0.810  2.423  3.6830  1.607    3  0.000  0.520     0.00     0.00     0.00     0.00     0.00 -1 -5.76e-10      0.00 7.500e-01 2.497e-01 4.697e-05 1.458e-05 1.209e-04 -1.000 2.833e-04 -1.289 -1.182 -0.698 -1.839
0.00025792 -1.78000 10.04139 0.8234466910 2.4266565221    0.810  2.462  3.6812  1.561    3  0.000  0.520     0.00     0.00     0.00     0.00     0.00 -1 -6.64e-10      0.00 7.500e-01 2.497e-01 4.697e-05 1.458e-05 1.209e-04 -1.000 2.833e-04 -1.385 -1.275 -0.784 -1.938
0.00025792 -1.78000 10.04139 0.8234707117 2.4266643824    0.809  2.499  3.6793  1.516    3  0.000  0.519     0.00     0.00     0.00     0.00     0.00 -1 -7.61e-10      0.00 7.500e-01 2.497e-01 4.697e-05 1.458e-05 1.209e-04 -1.000 2.833e-04 -1.476 -1.362 -0.864 -2.031
0.00025792 -1.78000 10.04139 0.8234986067 2.4266735098    0.808  2.544  3.6769  1.461    3  0.000  0.519     7.31     5.75     4.07     3.15     2.55  3 -9.02e-10      0.00 7.500e-01 2.497e-01 4.697e-05 1.458e-05 1.209e-04 -1.000 2.833e-04 -1.590 -1.471 -0.962 -2.147
0.00025792 -1.78000 10.04139 0.8235235214 2.4266816615    0.807  2.588  3.6745  1.407    3  0.000  0.519     8.18     6.33     4.47     3.46     2.80  3 -1.06e-09      0.00 7.500e-01 2.498e-01 4.697e-05 1.458e-05 1.209e-04 -1.000 2.833e-04 -1.700 -1.574 -1.055 -2.259
0.00025792 -1.78000 10.04139 0.8235430121 2.4266880381    0.806  2.625  3.6725  1.362    3  0.000  0.519     9.01     6.87     4.83     3.75     3.03  3 -1.22e-09      0.00 7.500e-01 2.498e-01 4.697e-05 1.458e-05 1.209e-04 -1.000 2.832e-04 -1.792 -1.661 -1.131 -2.354
0.00025792 -1.78000 10.04139 0.8235636950 2.4266948044    0.804  2.666  3.6702  1.310    3  0.000  0.519    10.04     7.54     5.28     4.10     3.32  3 -1.42e-09      0.00 7.500e-01 2.498e-01 4.697e-05 1.459e-05 1.209e-04 -1.000 2.832e-04 -1.896 -1.759 -1.218 -2.461
0.00025792 -1.78000 10.04139 0.8235803246 2.4267002444    0.803  2.702  3.6682  1.265    3  0.000  0.519    11.03     8.17     5.70     4.43     3.59  3 -1.63e-09      0.00 7.500e-01 2.498e-01 4.697e-05 1.459e-05 1.209e-04 -1.000 2.833e-04 -1.986 -1.842 -1.290 -2.552
0.00025792 -1.78000 10.04139 0.8235977888 2.4267059571    0.802  2.742  3.6659  1.215    3  0.000  0.519    12.25     8.94     6.21     4.83     3.92  3 -1.89e-09      0.00 7.500e-01 2.498e-01 4.697e-05 1.459e-05 1.209e-04 -1.000 2.833e-04 -2.086 -1.934 -1.369 -2.653
0.00025792 -1.78000 10.04139 0.8236145377 2.4267114356    0.800  2.783  3.6635  1.164    3  0.000  0.519    13.66     9.81     6.79     5.29     4.28  2 -2.21e-09      0.00 7.500e-01 2.498e-01 4.697e-05 1.459e-05 1.209e-04 -1.000 2.833e-04 -2.189 -2.029 -1.449 -2.758
0.00025792 -1.78000 10.04139 0.8236302137 2.4267165629    0.799  2.825  3.6610  1.112    3  0.000  0.519    15.24    10.77     7.42     5.79     4.69  2 -2.58e-09      0.00 7.500e-01 2.498e-01 4.697e-05 1.459e-05 1.209e-04 -1.000 2.833e-04 -2.291 -2.122 -1.527 -2.862
0.00025792 -1.78000 10.04139 0.8236438036 2.4267210077    0.797  2.863  3.6588  1.064    3  0.000  0.519    16.86    11.74     8.05     6.29     5.10  2 -2.98e-09      0.00 7.500e-01 2.498e-01 4.697e-05 1.459e-05 1.209e-04 -1.000 2.833e-04 -2.387 -2.208 -1.598 -2.959
0.00025792 -1.78000 10.04139 0.8236570954 2.4267253549    0.795  2.902  3.6563  1.013    3  0.000  0.519    18.75    12.85     8.78     6.87     5.57  2 -3.47e-09      0.00 7.500e-01 2.498e-01 4.697e-05 1.459e-05 1.209e-04 -1.000 2.833e-04 -2.486 -2.296 -1.672 -3.056
0.00025792 -1.78000 10.04139 0.8236686587 2.4267291366    0.793  2.939  3.6541  0.966    3  0.000  0.519    20.69    13.98     9.52     7.46     6.05  2 -3.99e-09      0.00 7.500e-01 2.498e-01 4.697e-05 1.459e-05 1.209e-04 -1.000 2.833e-04 -2.578 -2.377 -1.740 -3.146
0.00025792 -1.78000 10.04139 0.8236798644 2.4267328012    0.791  2.977  3.6517  0.918    3  0.000  0.519    22.91    15.24    10.34     8.11     6.58  2 -4.61e-09      0.00 7.500e-01 2.498e-01 4.697e-05 1.459e-05 1.209e-04 -1.000 2.833e-04 -2.672 -2.459 -1.809 -3.238
0.00025792 -1.78000 10.04139 0.8236902952 2.4267362124    0.789  3.014  3.6493  0.870    3  0.000  0.519    25.37    16.63    11.23     8.83     7.16  1 -5.33e-09      0.00 7.500e-01 2.498e-01 4.697e-05 1.459e-05 1.209e-04 -1.000 2.832e-04 -2.766 -2.540 -1.875 -3.329
0.00025792 -1.78000 10.04139 0.8236994743 2.4267392141    0.786  3.049  3.6471  0.825    3  0.000  0.519    27.88    18.02    12.13     9.54     7.74  1 -6.09e-09      0.00 7.500e-01 2.498e-01 4.697e-05 1.459e-05 1.209e-04 -1.000 2.833e-04 -2.853 -2.615 -1.937 -3.412
0.00025792 -1.78000 10.04139 0.8237083554 2.4267421182    0.783  3.085  3.6448  0.778    3  0.000  0.519    30.74    19.58    13.13    10.34     8.39  1 -6.97e-09      0.00 7.500e-01 2.498e-01 4.697e-05 1.459e-05 1.209e-04 -1.000 2.833e-04 -2.942 -2.691 -1.999 -3.497
0.00025792 -1.78000 10.04139 0.8237167001 2.4267448469    0.781  3.120  3.6425  0.732    3  0.000  0.519    33.85    21.25    14.19    11.20     9.09  1 -7.98e-09      0.00 7.500e-01 2.498e-01 4.697e-05 1.459e-05 1.209e-04 -1.000 2.833e-04 -3.030 -2.766 -2.061 -3.581
0.00025792 -1.78000 10.04139 0.8237242103 2.4267473027    0.778  3.153  3.6403  0.689    3  0.000  0.519    37.12    22.99    15.30    12.08     9.81  1 -9.08e-09      0.00 7.500e-01 2.498e-01 4.697e-05 1.459e-05 1.209e-04 -1.000 2.833e-04 -3.113 -2.837 -2.119 -3.661
0.00025792 -1.78000 10.04139 0.8237317801 2.4267497779    0.774  3.188  3.6379  0.642    3  0.000  0.519    40.93    24.97    16.56    13.10    10.63  1 -1.04e-08      0.00 7.500e-01 2.498e-01 4.697e-05 1.459e-05 1.209e-04 -1.000 2.833e-04 -3.201 -2.910 -2.176 -3.743
0.00025792 -1.78000 10.04139 0.8237385154 2.4267519802    0.771  3.221  3.6358  0.599    3  0.000  0.519    44.82    26.97    17.82    14.11    11.46  1 -1.18e-08      0.00 7.499e-01 2.498e-01 4.697e-05 1.459e-05 1.209e-04 -1.000 2.832e-04 -3.283 -2.978 -2.230 -3.820
0.00025792 -1.78000 10.04139 0.8237450123 2.4267541045    0.767  3.253  3.6336  0.556    3  0.000  0.519    49.06    29.12    19.17    15.20    12.35  1 -1.34e-08      0.00 7.499e-01 2.498e-01 4.697e-05 1.459e-05 1.209e-04 -1.000 2.833e-04 -3.363 -3.045 -2.282 -3.895
0.00025792 -1.78000 10.04139 0.8237504363 2.4267558780    0.763  3.279  3.6319  0.521    3  0.000  0.519    52.72    30.95    20.31    16.13    13.10  1  -1.5e-08      0.00 7.499e-01 2.498e-01 4.697e-05 1.459e-05 1.209e-04 -1.000 2.833e-04 -3.427 -3.098 -2.324 -3.955
0.00025792 -1.78000 10.04139 0.8237504363 2.4267558780    0.763  1.713  3.8155  2.822    4  0.000  0.529     0.00     0.00     0.00     0.00     0.00 -1    -1e-30      0.00 7.507e-01 2.490e-01 4.823e-05 1.388e-05 1.218e-04 -1.000 2.833e-04 0.488 0.465 0.670 0.109
0.00025792 -1.78000 10.04139 0.8237986565 2.4267716432    0.763  1.734  3.8066  2.765    4  0.000  0.529     0.00     0.00     0.00     0.00     0.00 -1    -1e-30      0.00 7.507e-01 2.490e-01 4.823e-05 1.388e-05 1.218e-04 -1.000 2.832e-04 0.435 0.415 0.635 0.038
0.00025792 -1.78000 10.04139 0.8238476515 2.4267876595    0.763  1.736  3.8069  2.764    4  0.000  0.529     0.00     0.00     0.00     0.00     0.00 -1    -1e-30      0.00 7.507e-01 2.490e-01 4.823e-05 1.388e-05 1.218e-04 -1.000 2.833e-04 0.430 0.409 0.629 0.034
0.00025792 -1.78000 10.04139 0.8238974810 2.4268039464    0.763  1.737  3.8077  2.767    4  0.000  0.529     0.00     0.00     0.00     0.00     0.00 -1    -1e-30      0.00 7.507e-01 2.490e-01 4.823e-05 1.388e-05 1.218e-04 -1.000 2.832e-04 0.428 0.407 0.626 0.033
0.00025792 -1.78000 10.04139 0.8239468336 2.4268200752    0.764  1.737  3.8087  2.771    4  0.000  0.529     0.00     0.00     0.00     0.00     0.00 -1    -1e-30      0.00 7.507e-01 2.490e-01 4.823e-05 1.388e-05 1.218e-04 -1.000 2.832e-04 0.427 0.406 0.623 0.035
0.00025792 -1.78000 10.04139 0.8239978552 2.4268367471    0.764  1.737  3.8100  2.776    4  0.000  0.529     0.00     0.00     0.00     0.00     0.00 -1    -1e-30      0.00 7.507e-01 2.490e-01 4.823e-05 1.388e-05 1.218e-04 -1.000 2.832e-04 0.427 0.405 0.620 0.037
0.00025792 -1.78000 10.04139 0.8240475059 2.4268529687    0.764  1.737  3.8114  2.781    4  0.000  0.529     0.00     0.00     0.00     0.00     0.00 -1    -1e-30      0.00 7.507e-01 2.490e-01 4.823e-05 1.388e-05 1.218e-04 -1.000 2.832e-04 0.428 0.405 0.617 0.040
0.00025792 -1.78000 10.04139 0.8241010308 2.4268704536    0.764  1.737  3.8130  2.788    4  0.000  0.529     0.00     0.00     0.00     0.00     0.00 -1    -1e-30      0.00 7.507e-01 2.490e-01 4.823e-05 1.388e-05 1.218e-04 -1.000 2.832e-04 0.428 0.405 0.614 0.044
0.00025792 -1.78000 10.04139 0.8241513371 2.4268868847    0.764  1.736  3.8145  2.795    4  0.000  0.529     0.00     0.00     0.00     0.00     0.00 -1    -1e-30      0.00 7.507e-01 2.490e-01 4.823e-05 1.388e-05 1.218e-04 -1.000 2.833e-04 0.430 0.406 0.613 0.048
0.00025792 -1.78000 10.04139 0.8242032528 2.4269038390    0.764  1.736  3.8159  2.801    4  0.000  0.529     0.00     0.00     0.00     0.00     0.00 -1    -1e-30      0.00 7.507e-01 2.490e-01 4.823e-05 1.388e-05 1.218e-04 -1.000 2.832e-04 0.431 0.406 0.611 0.052
0.00025792 -1.78000 10.04139 0.8242524862 2.4269199152    0.764  1.735  3.8170  2.805    4  0.000  0.529     0.00     0.00     0.00     0.00     0.00 -1    -1e-30      0.00 7.507e-01 2.490e-01 4.823e-05 1.388e-05 1.218e-04 -1.000 2.833e-04 0.431 0.407 0.610 0.055
0.00025792 -1.78000 10.04139 0.8243060112 2.4269373901    0.764  1.735  3.8180  2.810    4  0.000  0.529     0.00     0.00     0.00     0.00     0.00 -1    -1e-30      0.00 7.507e-01 2.490e-01 4.823e-05 1.388e-05 1.218e-04 -1.000 2.832e-04 0.432 0.407 0.608 0.058
0.00025792 -1.78000 10.04139 0.8243597746 2.4269549402    0.764  1.735  3.8185  2.812    4  0.000  0.529     0.00     0.00     0.00     0.00     0.00 -1    -1e-30      0.00 7.507e-01 2.490e-01 4.823e-05 1.388e-05 1.218e-04 -1.000 2.833e-04 0.432 0.407 0.607 0.059
0.00025792 -1.78000 10.04139 0.8244107962 2.4269715929    0.764  1.735  3.8188  2.813    4  0.000  0.529     0.00     0.00     0.00     0.00     0.00 -1    -1e-30      0.00 7.507e-01 2.490e-01 4.823e-05 1.388e-05 1.218e-04 -1.000 2.832e-04 0.431 0.406 0.606 0.059
0.00025792 -1.78000 10.04139 0.8244616389 2.4269881848    0.764  1.736  3.8185  2.811    4  0.000  0.529     0.00     0.00     0.00     0.00     0.00 -1    -1e-30      0.00 7.507e-01 2.490e-01 4.823e-05 1.388e-05 1.218e-04 -1.000 2.832e-04 0.430 0.405 0.605 0.057
0.00025792 -1.78000 10.04139 0.8244675398 2.4269901104    0.764  1.736  3.8185  2.811    4  0.000  0.529     0.00     0.00     0.00     0.00     0.00 -1    -1e-30      0.00 7.507e-01 2.490e-01 4.823e-05 1.388e-05 1.218e-04 -1.000 2.833e-04 0.430 0.405 0.605 0.057
0.00025792 -1.78000 10.04139 0.8244728446 2.4269918414    0.764  1.736  3.8184  2.811    4  0.000  0.529     0.00     0.00     0.00     0.00     0.00 -1    -1e-30      0.00 7.507e-01 2.490e-01 4.823e-05 1.388e-05 1.218e-04 -1.000 2.832e-04 0.430 0.405 0.605 0.057
0.00025792 -1.78000 10.04139 0.8245214224 2.4270076915    0.764  1.737  3.8176  2.807    4  0.000  0.529     0.00     0.00     0.00     0.00     0.00 -1    -1e-30      0.00 7.507e-01 2.490e-01 4.823e-05 1.388e-05 1.218e-04 -1.000 2.832e-04 0.428 0.403 0.605 0.053
0.00025792 -1.78000 10.04139 0.8245725036 2.4270243561    0.764  1.738  3.8163  2.800    4  0.000  0.529     0.00     0.00     0.00     0.00     0.00 -1    -1e-30      0.00 7.507e-01 2.490e-01 4.823e-05 1.388e-05 1.218e-04 -1.000 2.833e-04 0.425 0.401 0.605 0.047
0.00025792 -1.78000 10.04139 0.8246233463 2.4270409406    0.764  1.739  3.8144  2.792    4  0.000  0.529     0.00     0.00     0.00     0.00     0.00 -1    -1e-30      0.00 7.507e-01 2.490e-01 4.823e-05 1.388e-05 1.218e-04 -1.000 2.833e-04 0.422 0.398 0.605 0.040
0.00025792 -1.78000 10.04139 0.8246737719 2.4270573866    0.764  1.741  3.8119  2.780    4  0.000  0.529     0.00     0.00     0.00     0.00     0.00 -1    -1e-30      0.00 7.507e-01 2.490e-01 4.823e-05 1.388e-05 1.218e-04 -1.000 2.833e-04 0.417 0.394 0.605 0.030
0.00025792 -1.78000 10.04139 0.8247225285 2.4270732862    0.764  1.743  3.8091  2.766    4  0.000  0.529     0.00     0.00     0.00     0.00     0.00 -1    -1e-30      0.00 7.507e-01 2.490e-01 4.823e-05 1.388e-05 1.218e-04 -1.000 2.833e-04 0.412 0.390 0.606 0.020
0.00025792 -1.78000 10.04139 0.8247719407 2.4270893973    0.764  1.746  3.8055  2.750    4  0.000  0.529     0.00     0.00     0.00     0.00     0.00 -1    -1e-30      0.00 7.507e-01 2.490e-01 4.823e-05 1.388e-05 1.218e-04 -1.000 2.833e-04 0.405 0.385 0.607 0.006
0.00025792 -1.78000 10.04139 0.8248223066 2.4271058171    0.764  1.749  3.8015  2.730    4  0.000  0.529     0.00     0.00     0.00     0.00     0.00 -1    -1e-30      0.00 7.507e-01 2.490e-01 4.823e-05 1.388e-05 1.218e-04 -1.000 2.833e-04 0.398 0.380 0.609 -0.009
0.00025792 -1.78000 10.04139 0.8248466849 2.4271137639    0.764  1.750  3.7995  2.721    4  0.000  0.529     0.00     0.00     0.00     0.00     0.00 -1    -1e-30      0.00 7.507e-01 2.490e-01 4.823e-05 1.388e-05 1.218e-04 -1.000 2.833e-04 0.394 0.377 0.610 -0.016
0.00025792 -1.78000 10.04139 0.8248553872 2.4271166005    0.765  1.751  3.7986  2.717    4  0.000  0.529     0.00     0.00     0.00     0.00     0.00 -1    -1e-30      0.00 7.507e-01 2.490e-01 4.823e-05 1.388e-05 1.218e-04 -1.000 2.833e-04 0.392 0.376 0.611 -0.019
0.00025792 -1.78000 10.04139 0.8249069452 2.4271334050    0.765  1.755  3.7935  2.693    4  0.000  0.529     0.00     0.00     0.00     0.00     0.00 -1    -1e-30      0.00 7.507e-01 2.490e-01 4.823e-05 1.388e-05 1.218e-04 -1.000 2.833e-04 0.383 0.370 0.613 -0.038
0.00025792 -1.78000 10.04139 0.8249572515 2.4271497992    0.765  1.759  3.7887  2.669    4  0.000  0.529     0.00     0.00     0.00     0.00     0.00 -1    -1e-30      0.00 7.507e-01 2.490e-01 4.823e-05 1.388e-05 1.218e-04 -1.000 2.832e-04 0.373 0.363 0.615 -0.056
0.00025792 -1.78000 10.04139 0.8250110149 2.4271673175    0.765  1.764  3.7833  2.643    4  0.000  0.529     0.00     0.00     0.00     0.00     0.00 -1    -1e-30      0.00 7.507e-01 2.490e-01 4.823e-05 1.388e-05 1.218e-04 -1.000 2.833e-04 0.361 0.354 0.616 -0.076
0.00025792 -1.78000 10.04139 0.8250620961 2.4271839593    0.765  1.769  3.7783  2.618    4  0.000  0.529     0.00     0.00     0.00     0.00     0.00 -1    -1e-30      0.00 7.507e-01 2.490e-01 4.823e-05 1.388e-05 1.218e-04 -1.000 2.832e-04 0.348 0.345 0.616 -0.097
0.00025792 -1.78000 10.04139 0.8251111507 2.4271999388    0.765  1.774  3.7741  2.596    4  0.000  0.529     0.00     0.00     0.00     0.00     0.00 -1    -1e-30      0.00 7.507e-01 2.490e-01 4.823e-05 1.388e-05 1.218e-04 -1.000 2.832e-04 0.335 0.335 0.614 -0.117
0.00025792 -1.78000 10.04139 0.8251616955 2.4272164013    0.765  1.780  3.7703  2.575    4  0.000  0.529     0.00     0.00     0.00     0.00     0.00 -1    -1e-30      0.00 7.507e-01 2.490e-01 4.823e-05 1.388e-05 1.218e-04 -1.000 2.832e-04 0.321 0.324 0.610 -0.137
0.00025792 -1.78000 10.04139 0.8252113461 2.4272325703    0.765  1.785  3.7674  2.558    4  0.000  0.529     0.00     0.00     0.00     0.00     0.00 -1    -1e-30      0.00 7.507e-01 2.490e-01 4.823e-05 1.388e-05 1.218e-04 -1.000 2.832e-04 0.307 0.312 0.603 -0.155
0.00025792 -1.78000 10.04139 0.8252614737 2.4272488924    0.765  1.791  3.7645  2.541    4  0.000  0.529     0.00     0.00     0.00     0.00     0.00 -1    -1e-30      0.00 7.507e-01 2.490e-01 4.823e-05 1.388e-05 1.218e-04 -1.000 2.833e-04 0.292 0.299 0.595 -0.174
0.00025792 -1.78000 10.04139 0.8253116608 2.4272652316    0.765  1.798  3.7619  2.523    4  0.000  0.529     0.00     0.00     0.00     0.00     0.00 -1    -1e-30      0.00 7.507e-01 2.490e-01 4.823e-05 1.388e-05 1.218e-04 -1.000 2.833e-04 0.275 0.284 0.585 -0.195
0.00025792 -1.78000 10.04139 0.8253622055 2.4272816850    0.765  1.805  3.7597  2.508    4  0.000  0.529     0.00     0.00     0.00     0.00     0.00 -1    -1e-30      0.00 7.507e-01 2.490e-01 4.823e-05 1.388e-05 1.218e-04 -1.000 2.832e-04 0.258 0.269 0.575 -0.215
0.00025792 -1.78000 10.04139 0.8253722191 2.4272849443    0.765  1.796  3.7634  2.532    4  0.000  0.529     0.00     0.00     0.00     0.00     0.00 -1    -1e-30      0.00 7.507e-01 2.490e-01 4.823e-05 1.388e-05 1.218e-04 -1.000 2.832e-04 0.281 0.289 0.588 -0.187
0.00025792 -1.78000 10.04139 0.8254240751 2.4273018216    0.765  1.811  3.7576  2.493    4  0.000  0.529     0.00     0.00     0.00     0.00     0.00 -1    -1e-30      0.00 7.507e-01 2.490e-01 4.823e-05 1.388e-05 1.218e-04 -1.000 2.832e-04 0.241 0.254 0.564 -0.235
0.00025792 -1.78000 10.04139 0.8254750967 2.4273184249    0.765  1.830  3.7524  2.453    4  0.000  0.529     0.00     0.00     0.00     0.00     0.00 -1    -1e-30      0.00 7.507e-01 2.490e-01 4.823e-05 1.388e-05 1.218e-04 -1.000 2.832e-04 0.194 0.211 0.531 -0.289
0.00025792 -1.78000 10.04139 0.8255180717 2.4273324079    0.765  1.861  3.7456  2.395    4  0.000  0.529     0.00     0.00     0.00     0.00     0.00 -1    -1e-30      0.00 7.507e-01 2.490e-01 4.823e-05 1.388e-05 1.218e-04 -1.000 2.832e-04 0.117 0.139 0.473 -0.375
0.00025792 -1.78000 10.04139 0.8255413771 2.4273399902    0.765  1.896  3.7389  2.333    4  0.000  0.529     0.00     0.00     0.00     0.00     0.00 -1    -1e-30      0.00 7.507e-01 2.490e-01 4.823e-05 1.388e-05 1.218e-04 -1.000 2.833e-04 0.029 0.057 0.403 -0.472
0.00025792 -1.78000 10.04139 0.8255518675 2.4273434031    0.765  1.932  3.7330  2.273    4  0.000  0.529     0.00     0.00     0.00     0.00     0.00 -1    -1e-30      0.00 7.507e-01 2.490e-01 4.823e-05 1.388e-05 1.218e-04 -1.000 2.833e-04 -0.061 -0.028 0.331 -0.570
0.00025792 -1.78000 10.04139 0.8255565763 2.4273449350    0.765  1.969  3.7277  2.216    4  0.000  0.529     0.00     0.00     0.00     0.00     0.00 -1    -1e-30      0.00 7.507e-01 2.490e-01 4.823e-05 1.388e-05 1.218e-04 -1.000 2.832e-04 -0.152 -0.115 0.255 -0.668
0.00025792 -1.78000 10.04139 0.8255587816 2.4273456524    0.765  2.005  3.7233  2.162    4  0.000  0.529     0.00     0.00     0.00     0.00     0.00 -1    -1e-30      0.00 7.507e-01 2.490e-01 4.823e-05 1.388e-05 1.218e-04 -1.000 2.832e-04 -0.243 -0.201 0.179 -0.764
0.00025792 -1.78000 10.04139 0.8255596757 2.4273459433    0.765  2.029  3.7208  2.128    7  0.000  0.529     0.00     0.00     0.00     0.00     0.00 -1    -1e-30      0.00 7.507e-01 2.490e-01 4.823e-05 1.388e-05 1.218e-04 -1.000 2.832e-04 -0.303 -0.259 0.127 -0.827
0.00025792 -1.78000 10.04139 0.8255602717 2.4273461372    0.765  2.051  3.7188  2.098    7  0.000  0.529     0.00     0.00     0.00     0.00     0.00 -1    -1e-30      0.00 7.507e-01 2.490e-01 4.823e-05 1.388e-05 1.218e-04 -1.000 2.832e-04 -0.358 -0.312 0.078 -0.885
0.00025792 -1.78000 10.04139 0.8255613446 2.4273464862    0.765  2.096  3.7151  2.038    7  0.000  0.529     0.00     0.00     0.00     0.00     0.00 -1    -1e-30      0.00 7.507e-01 2.490e-01 4.823e-05 1.388e-05 1.218e-04 -1.000 2.832e-04 -0.470 -0.419 -0.020 -1.000
0.00025792 -1.78000 10.04139 0.8255622387 2.4273467770    0.765  2.129  3.7126  1.995    7  0.000  0.529     0.00     0.00     0.00     0.00     0.00 -1    -1e-30      0.00 7.507e-01 2.490e-01 4.823e-05 1.388e-05 1.218e-04 -1.000 2.832e-04 -0.552 -0.498 -0.094 -1.085
0.00025792 -1.78000 10.04139 0.8255631924 2.4273470873    0.765  2.146  3.7114  1.974    7  0.000  0.529     0.00     0.00     0.00     0.00     0.00 -1    -1e-30      0.00 7.507e-01 2.490e-01 4.823e-05 1.388e-05 1.218e-04 -1.000 2.832e-04 -0.594 -0.539 -0.132 -1.128
0.00025792 -1.78000 10.04139 0.8255653381 2.4273477853    0.765  2.153  3.7111  1.966    7  0.000  0.529     0.00     0.00     0.00     0.00     0.00 -1    -1e-30      0.00 7.507e-01 2.490e-01 4.823e-05 1.388e-05 1.218e-04 -1.000 2.833e-04 -0.611 -0.556 -0.148 -1.146
0.00025792 -1.78000 10.04139 0.8255671263 2.4273483670    0.765  2.142  3.7119  1.979    7  0.000  0.529     0.00     0.00     0.00     0.00     0.00 -1    -1e-30      0.00 7.507e-01 2.490e-01 4.823e-05 1.388e-05 1.218e-04 -1.000 2.833e-04 -0.585 -0.530 -0.124 -1.118
0.00025792 -1.78000 10.04139 0.8255740404 2.4273506163    0.765  2.122  3.7133  2.005    7  0.000  0.529     0.00     0.00     0.00     0.00     0.00 -1    -1e-30      0.00 7.507e-01 2.490e-01 4.823e-05 1.388e-05 1.218e-04 -1.000 2.832e-04 -0.534 -0.481 -0.079 -1.066
0.00025792 -1.78000 10.04139 0.8256034255 2.4273601750    0.765  2.160  3.7102  1.955    7  0.000  0.529     0.00     0.00     0.00     0.00     0.00 -1    -1e-30      0.00 7.507e-01 2.490e-01 4.823e-05 1.388e-05 1.218e-04 -1.000 2.832e-04 -0.630 -0.573 -0.163 -1.165
0.00025792 -1.78000 10.04139 0.8256211877 2.4273659525    0.765  2.199  3.7073  1.904    7  0.000  0.529     0.00     0.00     0.00     0.00     0.00 -1    -1e-30      0.00 7.507e-01 2.490e-01 4.823e-05 1.388e-05 1.218e-04 -1.000 2.832e-04 -0.727 -0.666 -0.248 -1.265
0.00025792 -1.78000 10.04139 0.8256350160 2.4273704502    0.765  2.238  3.7045  1.854    7  0.000  0.529     0.00     0.00     0.00     0.00     0.00 -1    -1e-30      0.00 7.507e-01 2.490e-01 4.823e-05 1.388e-05 1.218e-04 -1.000 2.833e-04 -0.825 -0.760 -0.335 -1.366
0.00025792 -1.78000 10.04139 0.8256511688 2.4273757038    0.765  2.289  3.7010  1.789    7  0.000  0.529     0.00     0.00     0.00     0.00     0.00 -1    -1e-30      0.00 7.507e-01 2.490e-01 4.823e-05 1.388e-05 1.218e-04 -1.000 2.832e-04 -0.953 -0.883 -0.449 -1.497
0.00025792 -1.78000 10.04139 0.8256667256 2.4273807634    0.765  2.335  3.6980  1.731    7  0.000  0.529     0.00     0.00     0.00     0.00     0.00 -1    -1e-30      0.00 7.507e-01 2.490e-01 4.823e-05 1.388e-05 1.218e-04 -1.000 2.832e-04 -1.067 -0.991 -0.550 -1.612
0.00025792 -1.78000 10.04139 0.8256806731 2.4273852993    0.765  2.377  3.6953  1.678    7  0.000  0.529     0.00     0.00     0.00     0.00     0.00 -1    -1e-30      0.00 7.507e-01 2.490e-01 4.822e-05 1.388e-05 1.218e-04 -1.000 2.573e-04 -1.173 -1.092 -0.643 -1.720
0.00025792 -1.78000 10.04139 0.8256930709 2.4273893311    0.765  2.419  3.6927  1.626    7  0.000  0.529     0.00     0.00     0.00     0.00     0.00 -1    -1e-30      0.00 7.508e-01 2.490e-01 4.819e-05 1.389e-05 1.218e-04 -1.000 2.590e-04 -1.276 -1.190 -0.734 -1.825
0.00025792 -1.78000 10.04139 0.8257040977 2.4273929169    0.765  2.459  3.6901  1.575    7  0.000  0.527     0.00     0.00     0.00     0.00     0.00 -1    -1e-30      0.00 7.508e-01 2.490e-01 4.807e-05 1.394e-05 1.218e-04 -1.000 2.557e-04 -1.378 -1.287 -0.824 -1.928
0.00025792 -1.78000 10.04139 0.8257141709 2.4273961925    0.765  2.500  3.6875  1.524    7  0.000  0.522     6.28     5.06     3.60     2.78     2.25  3    -1e-30      0.00 7.507e-01 2.490e-01 4.772e-05 1.422e-05 1.219e-04 -1.000 2.586e-04 -1.480 -1.383 -0.912 -2.030
0.00025792 -1.78000 10.04139 0.8257231712 2.4273991192    0.765  2.541  3.6850  1.473    7  0.000  0.512     6.99     5.54     3.93     3.04     2.46  3    -1e-30      0.00 7.506e-01 2.491e-01 4.704e-05 1.490e-05 1.219e-04 -1.000 2.832e-04 -1.581 -1.479 -1.000 -2.132
0.00025792 -1.78000 10.04139 0.8257314563 2.4274018132    0.765  2.581  3.6824  1.423    7  0.000  0.501     7.78     6.07     4.29     3.32     2.69  3    -1e-30      0.00 7.506e-01 2.492e-01 4.607e-05 1.600e-05 1.219e-04 -1.000 2.807e-04 -1.682 -1.575 -1.086 -2.236
0.00025792 -1.78000 10.04139 0.8257389665 2.4274042552    0.765  2.621  3.6798  1.372    7  0.000  0.489     8.66     6.65     4.68     3.63     2.94  3    -1e-30      0.00 7.504e-01 2.493e-01 4.500e-05 1.728e-05 1.219e-04 -1.000 2.742e-04 -1.782 -1.670 -1.170 -2.340
0.00025792 -1.78000 10.04139 0.8257459998 2.4274065421    0.765  2.661  3.6772  1.322    7  0.000  0.478     9.64     7.28     5.10     3.97     3.21  3    -1e-30      0.00 7.503e-01 2.494e-01 4.399e-05 1.852e-05 1.219e-04 -1.000 2.749e-04 -1.882 -1.763 -1.252 -2.442
0.00025792 -1.78000 10.04139 0.8257526755 2.4274087127    0.765  2.700  3.6746  1.272    7  0.000  0.468    10.72     7.97     5.56     4.33     3.51  3    -1e-30      0.00 7.501e-01 2.496e-01 4.310e-05 1.962e-05 1.219e-04 -1.000 2.813e-04 -1.981 -1.856 -1.332 -2.544
0.00025792 -1.78000 10.04139 0.8257591724 2.4274108251    0.766  2.740  3.6720  1.222    7  0.000  0.460    11.91     8.72     6.06     4.72     3.82  2    -1e-30      0.00 7.500e-01 2.497e-01 4.234e-05 2.055e-05 1.219e-04 -1.000 2.745e-04 -2.079 -1.947 -1.410 -2.645
0.00025792 -1.78000 10.04139 0.8257654309 2.4274128600    0.766  2.780  3.6693  1.172    7  0.000  0.452    13.26     9.56     6.62     5.16     4.18  2    -1e-30      0.00 7.498e-01 2.499e-01 4.167e-05 2.138e-05 1.219e-04 -1.000 2.730e-04 -2.179 -2.039 -1.488 -2.748
0.00025792 -1.78000 10.04139 0.8257711530 2.4274147204    0.766  2.819  3.6667  1.121    7  0.000  0.446    14.75    10.47     7.22     5.64     4.57  2    -1e-30      0.00 7.497e-01 2.501e-01 4.109e-05 2.209e-05 1.219e-04 -1.000 2.832e-04 -2.279 -2.129 -1.563 -2.849
0.00025792 -1.78000 10.04139 0.8257765174 2.4274164645    0.766  2.861  3.6638  1.068    7  0.000  0.441    16.53    11.54     7.92     6.19     5.02  2    -1e-30      0.00 7.495e-01 2.502e-01 4.058e-05 2.273e-05 1.218e-04 -1.000 2.832e-04 -2.384 -2.224 -1.640 -2.956
0.00025792 -1.78000 10.04139 0.8257811069 2.4274179566    0.766  2.905  3.6608  1.012    7  0.000  0.436    18.59    12.75     8.71     6.82     5.53  2    -1e-30      0.00 7.494e-01 2.504e-01 4.013e-05 2.330e-05 1.217e-04 -1.000 2.832e-04 -2.492 -2.320 -1.718 -3.066
0.00025792 -1.78000 10.04139 0.8257847428 2.4274191387    0.766  2.945  3.6580  0.961    7  0.000  0.433    20.73    13.99     9.52     7.47     6.05  2    -1e-30      0.00 7.492e-01 2.505e-01 3.977e-05 2.378e-05 1.216e-04 -1.000 2.832e-04 -2.592 -2.407 -1.784 -3.167
0.00025792 -1.78000 10.04139 0.8257877827 2.4274201270    0.766  2.982  3.6553  0.914    7  0.000  0.430    22.94    15.24    10.33     8.12     6.58  1    -1e-30      0.00 7.490e-01 2.507e-01 3.947e-05 2.420e-05 1.215e-04 -1.000 2.833e-04 -2.685 -2.487 -1.849 -3.257
0.00025792 -1.78000 10.04139 0.8257907629 2.4274210959    0.766  3.021  3.6525  0.863    7  0.000  0.428    25.51    16.69    11.26     8.86     7.19  1    -1e-30      0.00 7.488e-01 2.509e-01 3.922e-05 2.459e-05 1.213e-04 -1.000 2.833e-04 -2.782 -2.570 -1.916 -3.351
0.00025792 -1.78000 10.04139 0.8257934451 2.4274219679    0.766  3.058  3.6498  0.815    7  0.000  0.427    28.25    18.20    12.24     9.64     7.82  1    -1e-30      0.00 7.487e-01 2.510e-01 3.904e-05 2.491e-05 1.211e-04 -1.000 2.833e-04 -2.874 -2.649 -1.980 -3.440
0.00025792 -1.78000 10.04139 0.8257959485 2.4274227818    0.766  3.109  3.6460  0.749    7  0.000  0.426    32.52    20.52    13.72    10.83     8.78  1    -1e-30      0.00 7.486e-01 2.512e-01 3.882e-05 2.539e-05 1.208e-04 -1.000 2.832e-04 -3.002 -2.756 -2.065 -3.561
0.00025792 -1.78000 10.04139 0.8257961273 2.4274228399    0.766  3.123  3.6449  0.730    7  0.000  0.426    33.88    21.24    14.18    11.20     9.09  1    -1e-30      0.00 7.485e-01 2.512e-01 3.878e-05 2.547e-05 1.208e-04 -1.000 2.832e-04 -3.039 -2.787 -2.090 -3.596
0.00025792 -1.78000 10.04139 0.8257962465 2.4274228787    0.766  3.139  3.6436  0.709    7  0.000  0.425    35.39    22.05    14.70    11.61     9.42  1    -1e-30      0.00 7.484e-01 2.513e-01 3.867e-05 2.575e-05 1.206e-04 -1.000 2.820e-04 -3.078 -2.819 -2.116 -3.633
0.00025792 -1.78000 10.04139 0.8257965446 2.4274229756    0.766  3.175  3.6410  0.663    7  0.000  0.424    39.04    23.97    15.92    12.59    10.22  1    -1e-30      0.00 7.482e-01 2.515e-01 3.849e-05 2.631e-05 1.202e-04 -1.000 2.791e-04 -3.167 -2.893 -2.174 -3.717
0.00025792 -1.78000 10.04139 0.8257970214 2.4274231306    0.766  3.222  3.6373  0.602    7  0.000  0.423    44.48    26.79    17.70    14.02    11.38  1    -1e-30      0.00 7.479e-01 2.518e-01 3.821e-05 2.711e-05 1.197e-04 -1.000 2.832e-04 -3.284 -2.988 -2.247 -3.826
0.00025792 -1.78000 10.04139 0.8257971406 2.4274231694    0.766  3.233  3.6365  0.587    7  0.549  0.423    45.88    27.51    18.15    14.39    11.68  1    -1e-30      0.00 7.478e-01 2.519e-01 3.812e-05 2.733e-05 1.195e-04 -1.000 2.833e-04 -3.312 -3.011 -2.264 -3.851
0.00025792 -1.78000 10.04139 0.8257972598 2.4274232081    0.766  3.294  3.6294  0.497    8  0.530  0.423    55.50    32.34    21.19    16.83    13.67  1 -5.25e-07      0.00 7.446e-01 2.552e-01 3.729e-05 3.125e-05 1.204e-04 -1.000 2.092e-04 -3.465 -3.120 -2.332 -3.985
0.00025792 -1.78000 10.04139 0.8257973194 2.4274232275    0.764  3.099  3.6442  0.750    8  0.530  0.413    32.42    20.46    13.68    10.80     8.76  1 -2.27e-07      0.00 7.446e-01 2.552e-01 3.729e-05 3.125e-05 1.204e-04 -1.000 2.092e-04 -2.978 -2.724 -2.027 -3.533
0.00025792 -1.78000 10.04139 0.8257974386 2.4274232662    0.762  2.951  3.6559  0.945    8  0.530  0.413    21.44    14.39     9.78     7.68     6.22  2 -1.24e-07      0.00 7.446e-01 2.552e-01 3.729e-05 3.125e-05 1.204e-04 -1.000 2.092e-04 -2.606 -2.412 -1.779 -3.178
0.00025792 -1.78000 10.04139 0.8257976174 2.4274233244    0.757  2.745  3.6719  1.212    8  0.530  0.413    12.14     8.87     6.16     4.80     3.89  2 -5.74e-08      0.00 7.446e-01 2.552e-01 3.729e-05 3.125e-05 1.204e-04 -1.000 2.092e-04 -2.093 -1.961 -1.423 -2.659
0.00025792 -1.78000 10.04139 0.8257979155 2.4274234213    0.751  2.752  3.6713  1.199    8  0.531  0.413    12.44     9.05     6.28     4.90     3.97  2 -5.95e-08      0.00 7.446e-01 2.552e-01 3.729e-05 3.125e-05 1.204e-04 -1.000 2.091e-04 -2.109 -1.975 -1.433 -2.676
0.00025792 -1.78000 10.04139 0.8257982731 2.4274235375    0.743  2.844  3.6638  1.073    8  0.531  0.413    16.23    11.35     7.79     6.10     4.94  2 -8.54e-08      0.00 7.446e-01 2.552e-01 3.729e-05 3.125e-05 1.204e-04 -1.000 2.091e-04 -2.340 -2.180 -1.597 -2.912
0.00025792 -1.78000 10.04139 0.8257986903 2.4274236732    0.734  3.019  3.6498  0.836    8  0.531  0.413    26.78    17.35    11.68     9.21     7.47  1 -1.76e-07      0.00 7.446e-01 2.552e-01 3.729e-05 3.125e-05 1.204e-04 -1.000 2.092e-04 -2.777 -2.553 -1.885 -3.342
0.00025792 -1.78000 10.04139 0.8257991672 2.4274238282    0.723  3.175  3.6372  0.624    8  0.531  0.413    41.93    25.37    16.78    13.31    10.80  1  -3.5e-07      0.00 7.446e-01 2.552e-01 3.729e-05 3.125e-05 1.204e-04 -1.000 2.092e-04 -3.166 -2.871 -2.132 -3.707
0.00025792 -1.78000 10.04139 0.8257997632 2.4274240220    0.711  3.279  3.6287  0.478    8  0.532  0.413    57.05    32.89    21.49    17.13    13.90  1 -5.75e-07      0.00 7.446e-01 2.552e-01 3.729e-05 3.125e-05 1.204e-04 -1.000 2.092e-04 -3.427 -3.077 -2.283 -3.946
0.00025792 -1.78000 10.04139 0.8258004189 2.4274242351    0.698  3.338  3.6237  0.391    8  0.532  0.413    68.46    38.30    24.85    19.86    16.12  0 -7.81e-07      0.00 7.446e-01 2.552e-01 3.729e-05 3.125e-05 1.204e-04 -1.000 2.092e-04 -3.574 -3.186 -2.355 -4.076
0.00025792 -1.78000 10.04139 0.8258011341 2.4274244676    0.683  3.369  3.6209  0.339    8  0.533  0.413    76.19    41.83    27.02    21.64    17.57  0 -9.43e-07      0.00 7.446e-01 2.552e-01 3.729e-05 3.125e-05 1.204e-04 -1.000 2.091e-04 -3.652 -3.243 -2.389 -4.144
0.00025792 -1.78000 10.04139 0.8258019090 2.4274247196    0.667  3.389  3.6189  0.301    8  0.533  0.413    82.43    44.57    28.69    23.02    18.69  0 -1.09e-06      0.00 7.446e-01 2.552e-01 3.729e-05 3.125e-05 1.204e-04 -1.000 2.092e-04 -3.703 -3.277 -2.407 -4.187
0.00025792 -1.78000 10.04139 0.8258056045 2.4274259209    0.535 -9.999  4.0000  1.822    9  0.536  0.000     0.00     0.00     0.00     0.00     0.00 -1    -1e-30      0.00 7.446e-01 2.552e-01 3.729e-05 3.125e-05 1.204e-04 -1.000 2.092e-04 29.767 30.114 30.118 30.090
#isochrone terminated
