# File generated by CMD 3.8 (http://stev.oapd.inaf.it/cmd) on Tue Apr  8 13:55:52 UTC 2025
# isochrones based on PARSEC release v1.2S +  COLIBRI S_37 + S_35 + PR16
# Basic references: Bressan et al. (2012), MNRAS, 427, 127 + Chen et al. (2014, 2015), MNRAS, 444, 2525 + MNRAS, 452, 1068 + Tang et al. (2014), MNRAS, 445, 4287 + Marigo et al. (2017), ApJ, 835, 77 + Pastorelli al. (2019), MNRAS, 485, 5666 + Pastorelli al. (2020), MNRAS, in press
# Thermal pulse cycles included 
# On RGB, assumed Reimers mass loss with efficiency eta=0.2
# LPV periods and growth rates added cf. Trabucchi et al. (2019)
# but fundamental-mode LPV periods + transition are from Trabucchi et al. (2021)
# Photometric system: Gaia EDR3 (all Vegamags, Gaia passbands from ESA/Gaia website)
# Attention: photometry includes extinction of Av=0.062, with coefficients derived star-by-star, for Cardelli et al 89 + O'Donnell 94 Rv=3.1 extinction curve.
# Using YBC version of bolometric corrections as in Chen et al. (2019)
# O-rich circumstellar dpmod60alox40 dust from Groenewegen (2006)
# C-rich circumstellar AMCSIC15 dust from Groenewegen (2006)
# IMF: Kroupa (2001, 2002) + Kroupa et al. (2013) canonical two-part-power law IMF corrected for unresolved binaries 
# Kind of output: isochrone tables
# Zini     MH   logAge Mini        int_IMF         Mass   logL    logTe  logg  label   McoreTP C_O  period0  period1  period2  period3  period4  pmode  Mloss  tau1m   X   Y   Xc  Xn  Xo  Cexcess  Z 	 mbolmag  Gmag    G_BPmag  G_RPmag
0.00024632 -1.80000 10.00000 0.0900000036 1.0816895926    0.090 -3.200  3.4843  5.482    1  0.000  0.545     0.00     0.00     0.00     0.00     0.00 -1  -4.8e-17      0.00 7.487e-01 2.510e-01 4.823e-05 1.301e-05 1.180e-04 -1.000 2.681e-04 12.770 13.559 15.290 12.330
0.00024632 -1.80000 10.00000 0.0970072895 1.1456095576    0.097 -2.941  3.5222  5.407    1  0.000  0.545     0.00     0.00     0.00     0.00     0.00 -1 -9.14e-17      0.00 7.473e-01 2.525e-01 4.823e-05 1.301e-05 1.180e-04 -1.000 2.682e-04 12.124 12.756 14.020 11.660
0.00024632 -1.80000 10.00000 0.1000000015 1.1711064122    0.100 -2.837  3.5376  5.377    1  0.000  0.545     0.00     0.00     0.00     0.00     0.00 -1 -1.19e-16      0.00 7.466e-01 2.531e-01 4.823e-05 1.301e-05 1.180e-04 -1.000 2.682e-04 11.862 12.427 13.563 11.380
0.00024632 -1.80000 10.00000 0.1199999973 1.3193154249    0.120 -2.544  3.5684  5.287    1  0.000  0.545     0.00     0.00     0.00     0.00     0.00 -1 -2.36e-16      0.00 7.440e-01 2.557e-01 4.823e-05 1.301e-05 1.180e-04 -1.000 2.681e-04 11.131 11.563 12.500 10.608
0.00024632 -1.80000 10.00000 0.1400000006 1.4384526719    0.140 -2.362  3.5833  5.231    1  0.000  0.545     0.00     0.00     0.00     0.00     0.00 -1 -3.54e-16      0.00 7.422e-01 2.576e-01 4.823e-05 1.301e-05 1.180e-04 -1.000 2.682e-04 10.675 11.052 11.914 10.136
0.00024632 -1.80000 10.00000 0.1599999964 1.5372931554    0.160 -2.220  3.5930  5.186    1  0.000  0.545     0.00     0.00     0.00     0.00     0.00 -1 -4.84e-16      0.00 7.409e-01 2.588e-01 4.823e-05 1.301e-05 1.180e-04 -1.000 2.682e-04 10.319 10.663 11.480 9.773
0.00024632 -1.80000 10.00000 0.2000000179 1.6938791367    0.200 -2.000  3.6055  5.112    1  0.000  0.545     0.00     0.00     0.00     0.00     0.00 -1 -7.81e-16      0.00 7.399e-01 2.599e-01 4.823e-05 1.301e-05 1.180e-04 -1.000 2.682e-04 9.769 10.073 10.836 9.214
0.00024632 -1.80000 10.00000 0.2500000000 1.8403257998    0.250 -1.796  3.6165  5.050    1  0.000  0.545     0.00     0.00     0.00     0.00     0.00 -1  -1.2e-15      0.00 7.399e-01 2.598e-01 4.822e-05 1.301e-05 1.180e-04 -1.000 2.682e-04 9.260 9.529 10.248 8.698
0.00024632 -1.80000 10.00000 0.3000000417 1.9529140366    0.300 -1.640  3.6254  5.009    1  0.000  0.545     0.00     0.00     0.00     0.00     0.00 -1 -1.65e-15      0.00 7.400e-01 2.597e-01 4.821e-05 1.301e-05 1.180e-04 -1.000 2.682e-04 8.870 9.111 9.796 8.303
0.00024632 -1.80000 10.00000 0.3499999940 2.0434174644    0.350 -1.513  3.6335  4.980    1  0.000  0.544     0.00     0.00     0.00     0.00     0.00 -1 -2.11e-15      0.00 7.400e-01 2.597e-01 4.819e-05 1.301e-05 1.180e-04 -1.000 2.682e-04 8.551 8.768 9.423 7.979
0.00024632 -1.80000 10.00000 0.4000000060 2.1185024399    0.400 -1.385  3.6430  4.948    1  0.000  0.545     0.00     0.00     0.00     0.00     0.00 -1 -2.75e-15      0.00 7.503e-01 2.494e-01 4.823e-05 1.301e-05 1.180e-04 -1.000 2.682e-04 8.231 8.421 9.043 7.655
0.00024632 -1.80000 10.00000 0.4500000477 2.1822809714    0.450 -1.227  3.6588  4.905    1  0.000  0.545     0.00     0.00     0.00     0.00     0.00 -1 -3.92e-15      0.00 7.506e-01 2.491e-01 4.823e-05 1.301e-05 1.180e-04 -1.000 2.682e-04 7.836 7.982 8.553 7.255
0.00024632 -1.80000 10.00000 0.5000000000 2.2374541529    0.500 -1.050  3.6786  4.854    1  0.000  0.545     0.00     0.00     0.00     0.00     0.00 -1 -5.92e-15      0.00 7.506e-01 2.491e-01 4.823e-05 1.301e-05 1.180e-04 -1.000 2.682e-04 7.396 7.494 8.005 6.814
0.00024632 -1.80000 10.00000 0.5500000715 2.2836583126    0.550 -0.852  3.6996  4.780    1  0.000  0.544     0.00     0.00     0.00     0.00     0.00 -1 -9.72e-15      0.00 7.791e-01 2.207e-01 4.305e-05 1.162e-05 1.054e-04 -1.000 1.916e-04 6.899 6.957 7.414 6.324
0.00024632 -1.80000 10.00000 0.6000000238 2.3211213258    0.600 -0.652  3.7243  4.718    1  0.000  0.544     0.00     0.00     0.00     0.00     0.00 -1 -1.58e-14      0.00 7.892e-01 2.105e-01 4.132e-05 1.116e-05 1.013e-04 -1.000 2.663e-04 6.401 6.430 6.830 5.850
0.00024632 -1.80000 10.00000 0.6011407375 2.3218927795    0.601 -0.648  3.7250  4.716    1  0.000  0.544     0.00     0.00     0.00     0.00     0.00 -1  -1.6e-14      0.00 7.895e-01 2.103e-01 4.127e-05 1.115e-05 1.012e-04 -1.000 2.677e-04 6.389 6.418 6.816 5.839
0.00024632 -1.80000 10.00000 0.6137671471 2.3302121069    0.613 -0.595  3.7321  4.702    1  0.000  0.544     0.00     0.00     0.00     0.00     0.00 -1 -1.81e-14      0.00 7.926e-01 2.071e-01 4.075e-05 1.101e-05 9.992e-05 -1.000 2.461e-04 6.258 6.282 6.664 5.717
0.00024632 -1.80000 10.00000 0.6284569502 2.3394087986    0.628 -0.534  3.7405  4.684    1  0.000  0.544     0.00     0.00     0.00     0.00     0.00 -1  -2.1e-14      0.00 7.965e-01 2.032e-01 4.010e-05 1.083e-05 9.837e-05 -1.000 2.350e-04 6.106 6.125 6.490 5.578
0.00024632 -1.80000 10.00000 0.6419938803 2.3474566174    0.642 -0.478  3.7481  4.668    1  0.000  0.543     0.00     0.00     0.00     0.00     0.00 -1 -2.42e-14      0.00 8.003e-01 1.995e-01 3.947e-05 1.067e-05 9.686e-05 -1.000 2.159e-04 5.965 5.983 6.332 5.452
0.00024632 -1.80000 10.00000 0.6499999762 2.3520353107    0.650 -0.444  3.7525  4.657    1  0.000  0.543     0.00     0.00     0.00     0.00     0.00 -1 -2.62e-14      0.00 8.027e-01 1.971e-01 3.908e-05 1.056e-05 9.592e-05 -1.000 2.372e-04 5.881 5.899 6.238 5.377
0.00024632 -1.80000 10.00000 0.6629811525 2.3591896898    0.663 -0.389  3.7594  4.638    1  0.000  0.543     0.00     0.00     0.00     0.00     0.00 -1 -3.01e-14      0.00 8.075e-01 1.923e-01 3.829e-05 1.035e-05 9.404e-05 -1.000 2.039e-04 5.744 5.762 6.087 5.256
0.00024632 -1.80000 10.00000 0.6774116158 2.3667738743    0.677 -0.328  3.7668  4.616    1  0.000  0.543     0.00     0.00     0.00     0.00     0.00 -1 -3.53e-14      0.00 8.133e-01 1.865e-01 3.734e-05 1.010e-05 9.176e-05 -1.000 2.029e-04 5.589 5.610 5.921 5.120
0.00024632 -1.80000 10.00000 0.6911128163 2.3736387317    0.691 -0.268  3.7736  4.592    1  0.000  0.542     0.00     0.00     0.00     0.00     0.00 -1 -4.11e-14      0.00 8.192e-01 1.805e-01 3.636e-05 9.838e-06 8.942e-05 -1.000 2.454e-04 5.441 5.465 5.762 4.989
0.00024632 -1.80000 10.00000 0.6999999881 2.3779266974    0.700 -0.229  3.7780  4.576    1  0.000  0.542     0.00     0.00     0.00     0.00     0.00 -1 -4.55e-14      0.00 8.234e-01 1.764e-01 3.568e-05 9.658e-06 8.781e-05 -1.000 2.455e-04 5.343 5.369 5.658 4.902
0.00024632 -1.80000 10.00000 0.7013444901 2.3785645310    0.701 -0.223  3.7786  4.574    1  0.000  0.542     0.00     0.00     0.00     0.00     0.00 -1 -4.62e-14      0.00 8.241e-01 1.756e-01 3.555e-05 9.626e-06 8.753e-05 -1.000 2.439e-04 5.328 5.354 5.643 4.889
0.00024632 -1.80000 10.00000 0.7138957977 2.3843858511    0.714 -0.166  3.7844  4.547    1  0.000  0.539     0.00     0.00     0.00     0.00     0.00 -1 -5.38e-14      0.00 8.311e-01 1.687e-01 3.430e-05 9.321e-06 8.484e-05 -1.000 2.157e-04 5.186 5.215 5.492 4.762
0.00024632 -1.80000 10.00000 0.7259873152 2.3897755637    0.726 -0.109  3.7898  4.520    1  0.000  0.536     0.00     0.00     0.00     0.00     0.00 -1 -6.28e-14      0.00 8.377e-01 1.622e-01 3.313e-05 9.036e-06 8.231e-05 -1.000 1.455e-04 5.044 5.076 5.343 4.635
0.00024632 -1.80000 10.00000 0.7367483377 2.3944015095    0.736 -0.057  3.7945  4.492    1  0.000  0.534     0.00     0.00     0.00     0.00     0.00 -1 -7.25e-14      0.00 8.432e-01 1.566e-01 3.215e-05 8.798e-06 8.021e-05 -1.000 1.654e-04 4.913 4.948 5.207 4.517
0.00024632 -1.80000 10.00000 0.7468937635 2.3986227261    0.746 -0.006  3.7988  4.464    1  0.000  0.532     0.00     0.00     0.00     0.00     0.00 -1 -8.38e-14      0.00 8.481e-01 1.517e-01 3.131e-05 8.594e-06 7.843e-05 -1.000 1.501e-04 4.784 4.820 5.072 4.400
0.00024632 -1.80000 10.00000 0.7500000000 2.3998889087    0.750  0.011  3.8001  4.455    1  0.000  0.531     0.00     0.00     0.00     0.00     0.00 -1 -8.77e-14      0.00 8.495e-01 1.503e-01 3.107e-05 8.537e-06 7.793e-05 -1.000 1.455e-04 4.743 4.780 5.029 4.362
0.00024632 -1.80000 10.00000 0.7584224939 2.4032621984    0.758  0.056  3.8037  4.429    1  0.000  0.531     0.00     0.00     0.00     0.00     0.00 -1 -9.96e-14      0.00 8.509e-01 1.490e-01 3.099e-05 8.518e-06 7.778e-05 -1.000 1.580e-04 4.631 4.669 4.912 4.259
0.00024632 -1.80000 10.00000 0.7681094408 2.4070369137    0.767  0.110  3.8078  4.396    1  0.000  0.530     0.00     0.00     0.00     0.00     0.00 -1 -1.16e-13      0.00 8.522e-01 1.476e-01 3.092e-05 8.504e-06 7.769e-05 -1.000 1.457e-04 4.494 4.533 4.769 4.133
0.00024632 -1.80000 10.00000 0.7766900659 2.4102902481    0.776  0.162  3.8115  4.364    1  0.000  0.530     0.00     0.00     0.00     0.00     0.00 -1 -1.35e-13      0.00 8.533e-01 1.466e-01 3.087e-05 8.497e-06 7.767e-05 -1.000 1.860e-04 4.365 4.404 4.634 4.012
0.00024632 -1.80000 10.00000 0.7848781943 2.4133186132    0.784  0.215  3.8149  4.329    1  0.000  0.529     0.00     0.00     0.00     0.00     0.00 -1 -1.58e-13      0.00 8.541e-01 1.457e-01 3.085e-05 8.495e-06 7.769e-05 -1.000 1.723e-04 4.233 4.271 4.496 3.887
0.00024632 -1.80000 10.00000 0.7924250960 2.4160461775    0.792  0.267  3.8179  4.293    1  0.000  0.529     0.00     0.00     0.00     0.00     0.00 -1 -1.85e-13      0.00 8.549e-01 1.450e-01 3.085e-05 8.498e-06 7.773e-05 -1.000 1.569e-04 4.102 4.140 4.359 3.762
0.00024632 -1.80000 10.00000 0.7993321419 2.4184906473    0.798  0.319  3.8204  4.255    1  0.000  0.529     0.00     0.00     0.00     0.00     0.00 -1 -2.17e-13      0.00 8.554e-01 1.444e-01 3.086e-05 8.504e-06 7.781e-05 -1.000 1.454e-04 3.973 4.010 4.225 3.638
0.00024632 -1.80000 10.00000 0.8000000119 2.4187244405    0.799  0.324  3.8207  4.252    1  0.000  0.529     0.00     0.00     0.00     0.00     0.00 -1  -2.2e-13      0.00 8.555e-01 1.444e-01 3.087e-05 8.505e-06 7.782e-05 -1.000 1.455e-04 3.961 3.998 4.212 3.626
0.00024632 -1.80000 10.00000 0.8003923297 2.4188615652    0.799  0.327  3.8208  4.249    1  0.000  0.529     0.00     0.00     0.00     0.00     0.00 -1 -2.22e-13      0.00 8.554e-01 1.444e-01 3.087e-05 8.506e-06 7.784e-05 -1.000 1.463e-04 3.953 3.990 4.205 3.619
0.00024632 -1.80000 10.00000 0.8070980310 2.4211816893    0.806  0.380  3.8231  4.209    1  0.000  0.529     0.00     0.00     0.00     0.00     0.00 -1 -2.62e-13      0.00 8.549e-01 1.449e-01 3.102e-05 8.547e-06 7.822e-05 -1.000 1.730e-04 3.820 3.856 4.066 3.490
0.00024632 -1.80000 10.00000 0.8145284057 2.4237013037    0.813  0.444  3.8248  4.155    1  0.000  0.529     0.00     0.00     0.00     0.00     0.00 -1 -3.21e-13      0.00 8.526e-01 1.472e-01 3.143e-05 8.659e-06 7.923e-05 -1.000 1.911e-04 3.660 3.694 3.902 3.333
0.00024632 -1.80000 10.00000 0.8156201243 2.4240670561    0.814  0.454  3.8249  4.146    1  0.000  0.529     0.00     0.00     0.00     0.00     0.00 -1 -3.33e-13      0.00 8.523e-01 1.475e-01 3.149e-05 8.677e-06 7.939e-05 -1.000 1.928e-04 3.635 3.669 3.876 3.308
0.00024632 -1.80000 10.00000 0.8173866868 2.4246565183    0.816  0.472  3.8247  4.129    1  0.000  0.529     0.00     0.00     0.00     0.00     0.00 -1 -3.54e-13      0.00 8.517e-01 1.481e-01 3.160e-05 8.705e-06 7.965e-05 -1.000 1.955e-04 3.591 3.624 3.831 3.262
0.00024632 -1.80000 10.00000 0.8223969936 2.4263125135    0.821  0.525  3.8233  4.073    1  0.000  0.529     0.00     0.00     0.00     0.00     0.00 -1 -4.23e-13      0.00 8.501e-01 1.497e-01 3.189e-05 8.786e-06 8.038e-05 -1.000 2.034e-04 3.458 3.489 3.698 3.126
0.00024632 -1.80000 10.00000 0.8265642524 2.4276722935    0.825  0.575  3.8200  4.011    1  0.000  0.529     0.00     0.00     0.00     0.00     0.00 -1 -5.09e-13      0.00 8.488e-01 1.510e-01 3.214e-05 8.853e-06 8.098e-05 -1.000 2.099e-04 3.332 3.361 3.574 2.992
0.00024632 -1.80000 10.00000 0.8272682428 2.4279004512    0.826  0.585  3.8192  3.999    1  0.000  0.529     0.00     0.00     0.00     0.00     0.00 -1 -5.29e-13      0.00 8.486e-01 1.512e-01 3.218e-05 8.864e-06 8.108e-05 -1.000 2.108e-04 3.308 3.337 3.552 2.966
0.00024632 -1.80000 10.00000 0.8279767632 2.4281296266    0.826  0.595  3.8181  3.985    2  0.000  0.529     0.00     0.00     0.00     0.00     0.00 -1 -5.52e-13      0.00 8.483e-01 1.514e-01 3.222e-05 8.875e-06 8.119e-05 -1.000 2.120e-04 3.283 3.311 3.527 2.938
0.00024632 -1.80000 10.00000 0.8303555846 2.4288957823    0.829  0.632  3.8125  3.926    2  0.000  0.529     0.00     0.00     0.00     0.00     0.00 -1 -6.39e-13      0.00 8.476e-01 1.522e-01 3.236e-05 8.913e-06 8.153e-05 -1.000 2.156e-04 3.189 3.215 3.440 2.832
0.00024632 -1.80000 10.00000 0.8321664929 2.4294756525    0.830  0.665  3.8056  3.866    2  0.000  0.529     0.00     0.00     0.00     0.00     0.00 -1 -7.38e-13      0.00 8.470e-01 1.528e-01 3.246e-05 8.942e-06 8.179e-05 -1.000 2.184e-04 3.107 3.131 3.366 2.733
0.00024632 -1.80000 10.00000 0.8335785270 2.4299257894    0.832  0.695  3.7974  3.805    2  0.000  0.529     0.00     0.00     0.00     0.00     0.00 -1 -8.46e-13      0.00 8.466e-01 1.532e-01 3.254e-05 8.964e-06 8.199e-05 -1.000 2.205e-04 3.034 3.057 3.305 2.642
0.00024632 -1.80000 10.00000 0.8347135186 2.4302863397    0.833  0.721  3.7884  3.743    2  0.000  0.529     0.00     0.00     0.00     0.00     0.00 -1 -9.65e-13      0.00 8.447e-01 1.551e-01 3.308e-05 9.108e-06 8.329e-05 -1.000 2.193e-04 2.968 2.991 3.254 2.557
0.00024632 -1.80000 10.00000 0.8356583118 2.4305856112    0.834  0.744  3.7787  3.682    2  0.000  0.530     0.00     0.00     0.00     0.00     0.00 -1 -1.09e-12      0.00 8.370e-01 1.628e-01 3.454e-05 9.503e-06 8.684e-05 -1.000 2.049e-04 2.909 2.932 3.211 2.477
0.00024632 -1.80000 10.00000 0.8364809155 2.4308455451    0.835  0.766  3.7699  3.625    2  0.000  0.532     0.00     0.00     0.00     0.00     0.00 -1 -1.23e-12      0.00 8.158e-01 1.839e-01 3.775e-05 1.036e-05 9.452e-05 -1.000 2.117e-04 2.855 2.877 3.173 2.404
0.00024632 -1.80000 10.00000 0.8372395635 2.4310847491    0.835  0.790  3.7616  3.569    2  0.000  0.534     0.00     0.00     0.00     0.00     0.00 -1 -1.38e-12      0.00 7.939e-01 2.058e-01 4.095e-05 1.122e-05 1.021e-04 -1.000 2.271e-04 2.796 2.820 3.130 2.330
0.00024632 -1.80000 10.00000 0.8380007148 2.4313242419    0.836  0.821  3.7538  3.506    2  0.000  0.536     0.00     0.00     0.00     0.00     0.00 -1 -1.59e-12      0.00 7.792e-01 2.205e-01 4.308e-05 1.179e-05 1.072e-04 -1.000 2.530e-04 2.717 2.743 3.068 2.237
0.00024632 -1.80000 10.00000 0.8385957479 2.4315111182    0.837  0.856  3.7489  3.452    2  0.000  0.536     0.00     0.00     0.00     0.00     0.00 -1 -1.83e-12      0.00 7.729e-01 2.269e-01 4.403e-05 1.204e-05 1.095e-04 -1.000 2.570e-04 2.631 2.659 2.993 2.142
0.00024632 -1.80000 10.00000 0.8391845226 2.4316957291    0.837  0.896  3.7447  3.395    2  0.000  0.537     0.00     0.00     0.00     0.00     0.00 -1 -2.15e-12      0.00 7.687e-01 2.311e-01 4.466e-05 1.221e-05 1.110e-04 -1.000 2.454e-04 2.529 2.559 2.901 2.033
0.00024632 -1.80000 10.00000 0.8393656015 2.4317524467    0.837  0.912  3.7437  3.376    2  0.000  0.537     0.00     0.00     0.00     0.00     0.00 -1 -2.28e-12      0.00 7.678e-01 2.320e-01 4.478e-05 1.224e-05 1.113e-04 -1.000 2.370e-04 2.491 2.521 2.866 1.994
0.00024632 -1.80000 10.00000 0.8398514390 2.4319044818    0.838  0.954  3.7413  3.324    3  0.000  0.537     0.00     0.00     0.00     0.00     0.00 -1 -2.66e-12      0.00 7.655e-01 2.343e-01 4.508e-05 1.232e-05 1.120e-04 -1.000 2.653e-04 2.385 2.416 2.765 1.884
0.00024632 -1.80000 10.00000 0.8403826952 2.4320704987    0.838  1.004  3.7388  3.265    3  0.000  0.537     0.00     0.00     0.00     0.00     0.00 -1 -3.19e-12      0.00 7.632e-01 2.365e-01 4.535e-05 1.239e-05 1.126e-04 -1.000 2.661e-04 2.261 2.294 2.648 1.757
0.00024632 -1.80000 10.00000 0.8408336639 2.4322112365    0.838  1.049  3.7370  3.212    3  0.000  0.537     0.00     0.00     0.00     0.00     0.00 -1 -3.77e-12      0.00 7.614e-01 2.383e-01 4.552e-05 1.244e-05 1.131e-04 -1.000 2.661e-04 2.147 2.181 2.538 1.641
0.00024632 -1.80000 10.00000 0.8412645459 2.4323455436    0.839  1.096  3.7353  3.159    3  0.000  0.537     0.00     0.00     0.00     0.00     0.00 -1 -4.46e-12      0.00 7.598e-01 2.400e-01 4.566e-05 1.248e-05 1.134e-04 -1.000 2.682e-04 2.031 2.066 2.427 1.523
0.00024632 -1.80000 10.00000 0.8417021632 2.4324817883    0.839  1.146  3.7336  3.102    3  0.000  0.537     0.00     0.00     0.00     0.00     0.00 -1 -5.35e-12      0.00 7.580e-01 2.417e-01 4.576e-05 1.252e-05 1.137e-04 -1.000 2.597e-04 1.904 1.941 2.305 1.394
0.00024632 -1.80000 10.00000 0.8421043158 2.4326068481    0.839  1.197  3.7320  3.045    3  0.000  0.536     0.00     0.00     0.00     0.00     0.00 -1 -6.41e-12      0.00 7.564e-01 2.433e-01 4.579e-05 1.257e-05 1.140e-04 -1.000 2.386e-04 1.778 1.817 2.183 1.267
0.00024632 -1.80000 10.00000 0.8424652219 2.4327189643    0.840  1.246  3.7305  2.990    3  0.000  0.535     0.00     0.00     0.00     0.00     0.00 -1 -7.63e-12      0.00 7.550e-01 2.448e-01 4.575e-05 1.263e-05 1.142e-04 -1.000 2.224e-04 1.656 1.696 2.065 1.143
0.00024632 -1.80000 10.00000 0.8427807689 2.4328168991    0.840  1.292  3.7290  2.938    3  0.000  0.533     0.00     0.00     0.00     0.00     0.00 -1 -9.02e-12      0.00 7.537e-01 2.460e-01 4.564e-05 1.273e-05 1.143e-04 -1.000 2.661e-04 1.540 1.581 1.953 1.026
0.00024632 -1.80000 10.00000 0.8430880904 2.4329122000    0.840  1.341  3.7275  2.883    3  0.000  0.530     0.00     0.00     0.00     0.00     0.00 -1 -1.08e-11      0.00 7.525e-01 2.472e-01 4.544e-05 1.289e-05 1.144e-04 -1.000 2.680e-04 1.418 1.460 1.835 0.902
0.00024632 -1.80000 10.00000 0.8433828950 2.4330035443    0.840  1.392  3.7258  2.826    3  0.000  0.527     0.00     0.00     0.00     0.00     0.00 -1 -1.29e-11      0.00 7.514e-01 2.483e-01 4.517e-05 1.314e-05 1.145e-04 -1.000 2.671e-04 1.290 1.334 1.712 0.772
0.00024632 -1.80000 10.00000 0.8436300755 2.4330800759    0.840  1.439  3.7243  2.773    3  0.000  0.524     0.00     0.00     0.00     0.00     0.00 -1 -1.53e-11      0.00 7.506e-01 2.491e-01 4.491e-05 1.341e-05 1.146e-04 -1.000 2.662e-04 1.173 1.219 1.600 0.654
0.00024632 -1.80000 10.00000 0.8438554406 2.4331498081    0.840  1.485  3.7228  2.720    3  0.000  0.521     0.00     0.00     0.00     0.00     0.00 -1 -1.81e-11      0.00 7.499e-01 2.498e-01 4.466e-05 1.368e-05 1.147e-04 -1.000 2.669e-04 1.057 1.104 1.488 0.537
0.00024632 -1.80000 10.00000 0.8440674543 2.4332153700    0.840  1.533  3.7212  2.666    3  0.000  0.518     0.00     0.00     0.00     0.00     0.00 -1 -2.15e-11      0.00 7.494e-01 2.503e-01 4.443e-05 1.394e-05 1.147e-04 -1.000 2.624e-04 0.938 0.987 1.374 0.416
0.00024632 -1.80000 10.00000 0.8442547917 2.4332732696    0.840  1.579  3.7195  2.614    3  0.000  0.516     0.00     0.00     0.00     0.00     0.00 -1 -2.53e-11      0.00 7.490e-01 2.507e-01 4.427e-05 1.414e-05 1.148e-04 -1.000 2.594e-04 0.824 0.874 1.265 0.301
0.00024632 -1.80000 10.00000 0.8444330096 2.4333283233    0.840  1.626  3.7179  2.560    3  0.000  0.514     0.00     0.00     0.00     0.00     0.00 -1 -3.01e-11      0.00 7.488e-01 2.510e-01 4.415e-05 1.428e-05 1.148e-04 -1.000 2.639e-04 0.705 0.758 1.151 0.181
0.00024632 -1.80000 10.00000 0.8445900679 2.4333768184    0.840  1.672  3.7162  2.508    3  0.000  0.514     0.00     0.00     0.00     0.00     0.00 -1 -3.55e-11      0.00 7.486e-01 2.512e-01 4.407e-05 1.437e-05 1.148e-04 -1.000 2.682e-04 0.591 0.646 1.043 0.066
0.00024632 -1.80000 10.00000 0.8447298408 2.4334199588    0.840  1.716  3.7146  2.457    3  0.000  0.513     0.00     0.00     0.00     0.00     0.00 -1 -4.17e-11      0.00 7.485e-01 2.512e-01 4.403e-05 1.442e-05 1.148e-04 -1.000 2.682e-04 0.481 0.538 0.938 -0.046
0.00024632 -1.80000 10.00000 0.8448629975 2.4334610419    0.840  1.761  3.7129  2.405    3  0.000  0.513     0.00     0.00     0.00     0.00     0.00 -1 -4.91e-11      0.00 7.485e-01 2.512e-01 4.402e-05 1.444e-05 1.148e-04 -1.000 2.682e-04 0.366 0.425 0.829 -0.162
0.00024632 -1.80000 10.00000 0.8449835181 2.4334982135    0.840  1.806  3.7112  2.353    3  0.000  0.513     0.00     0.00     0.00     0.00     0.00 -1 -5.79e-11      0.00 7.485e-01 2.513e-01 4.402e-05 1.444e-05 1.148e-04 -1.000 2.683e-04 0.254 0.314 0.722 -0.277
0.00024632 -1.80000 10.00000 0.8450896740 2.4335309446    0.840  1.849  3.7095  2.303    3  0.000  0.513     0.00     0.00     0.00     0.00     0.00 -1 -6.77e-11      0.00 7.485e-01 2.513e-01 4.401e-05 1.444e-05 1.148e-04 -1.000 2.683e-04 0.147 0.209 0.621 -0.385
0.00024632 -1.80000 10.00000 0.8451871872 2.4335610025    0.840  1.891  3.7078  2.254    3  0.000  0.513     0.00     0.00     0.00     0.00     0.00 -1 -7.89e-11      0.00 7.485e-01 2.513e-01 4.401e-05 1.445e-05 1.148e-04 -1.000 2.682e-04 0.041 0.106 0.521 -0.492
0.00024632 -1.80000 10.00000 0.8452815413 2.4335900791    0.839  1.936  3.7061  2.203    3  0.000  0.513     0.00     0.00     0.00     0.00     0.00 -1 -9.27e-11      0.00 7.485e-01 2.513e-01 4.401e-05 1.445e-05 1.148e-04 -1.000 2.683e-04 -0.069 -0.003 0.417 -0.605
0.00024632 -1.80000 10.00000 0.8453640938 2.4336155127    0.839  1.977  3.7043  2.154    3  0.000  0.513     0.00     0.00     0.00     0.00     0.00 -1 -1.08e-10      0.00 7.484e-01 2.513e-01 4.401e-05 1.445e-05 1.148e-04 -1.000 2.682e-04 -0.174 -0.105 0.320 -0.710
0.00024632 -1.80000 10.00000 0.8454400301 2.4336389029    0.839  2.019  3.7026  2.105    3  0.000  0.513     0.00     0.00     0.00     0.00     0.00 -1 -1.26e-10      0.00 7.484e-01 2.513e-01 4.401e-05 1.445e-05 1.148e-04 -1.000 2.683e-04 -0.277 -0.205 0.223 -0.815
0.00024632 -1.80000 10.00000 0.8455119729 2.4336610585    0.839  2.060  3.7009  2.057    3  0.000  0.513     0.00     0.00     0.00     0.00     0.00 -1 -1.46e-10      0.00 7.484e-01 2.513e-01 4.400e-05 1.446e-05 1.148e-04 -1.000 2.681e-04 -0.381 -0.307 0.126 -0.920
0.00024632 -1.80000 10.00000 0.8455752134 2.4336805306    0.838  2.100  3.6991  2.010    3  0.000  0.513     0.00     0.00     0.00     0.00     0.00 -1 -1.69e-10      0.00 7.484e-01 2.513e-01 4.400e-05 1.446e-05 1.148e-04 -1.000 2.682e-04 -0.479 -0.402 0.035 -1.020
0.00024632 -1.80000 10.00000 0.8456362486 2.4336993205    0.838  2.138  3.6974  1.964    3  0.000  0.513     0.00     0.00     0.00     0.00     0.00 -1 -1.95e-10      0.00 7.484e-01 2.513e-01 4.400e-05 1.446e-05 1.148e-04 -1.000 2.682e-04 -0.576 -0.496 -0.055 -1.118
0.00024632 -1.80000 10.00000 0.8456994891 2.4337187860    0.837  2.173  3.6960  1.924    3  0.000  0.513     0.00     0.00     0.00     0.00     0.00 -1 -2.21e-10      0.00 7.484e-01 2.513e-01 4.400e-05 1.446e-05 1.148e-04 -1.000 2.683e-04 -0.662 -0.580 -0.134 -1.205
0.00024632 -1.80000 10.00000 0.8457560539 2.4337361938    0.837  2.198  3.6949  1.894    3  0.000  0.513     0.00     0.00     0.00     0.00     0.00 -1 -2.44e-10      0.00 7.484e-01 2.513e-01 4.400e-05 1.446e-05 1.148e-04 -1.000 2.682e-04 -0.726 -0.642 -0.194 -1.270
0.00024632 -1.80000 10.00000 0.8457989693 2.4337493993    0.837  2.183  3.6959  1.913    3  0.000  0.513     0.00     0.00     0.00     0.00     0.00 -1 -2.32e-10      0.00 7.484e-01 2.513e-01 4.400e-05 1.447e-05 1.148e-04 -1.000 2.683e-04 -0.688 -0.606 -0.160 -1.231
0.00024632 -1.80000 10.00000 0.8458046317 2.4337511415    0.836  2.181  3.6960  1.915    3  0.000  0.513     0.00     0.00     0.00     0.00     0.00 -1 -2.31e-10      0.00 7.484e-01 2.513e-01 4.400e-05 1.447e-05 1.148e-04 -1.000 2.682e-04 -0.683 -0.601 -0.156 -1.226
0.00024632 -1.80000 10.00000 0.8458350897 2.4337605127    0.836  2.208  3.6948  1.883    3  0.000  0.513     0.00     0.00     0.00     0.00     0.00 -1 -2.53e-10      0.00 7.484e-01 2.513e-01 4.400e-05 1.447e-05 1.148e-04 -1.000 2.682e-04 -0.750 -0.666 -0.217 -1.294
0.00024632 -1.80000 10.00000 0.8458812237 2.4337747054    0.836  2.250  3.6929  1.834    3  0.000  0.513     0.00     0.00     0.00     0.00     0.00 -1 -2.93e-10      0.00 7.484e-01 2.513e-01 4.400e-05 1.447e-05 1.148e-04 -1.000 2.683e-04 -0.855 -0.767 -0.313 -1.400
0.00024632 -1.80000 10.00000 0.8459241986 2.4337879247    0.835  2.291  3.6910  1.785    3  0.000  0.513     0.00     0.00     0.00     0.00     0.00 -1 -3.41e-10      0.00 7.484e-01 2.513e-01 4.400e-05 1.447e-05 1.148e-04 -1.000 2.682e-04 -0.957 -0.866 -0.407 -1.503
0.00024632 -1.80000 10.00000 0.8459638357 2.4338001159    0.835  2.331  3.6890  1.736    3  0.000  0.513     0.00     0.00     0.00     0.00     0.00 -1 -3.96e-10      0.00 7.484e-01 2.513e-01 4.399e-05 1.447e-05 1.148e-04 -1.000 2.683e-04 -1.058 -0.963 -0.498 -1.605
0.00024632 -1.80000 10.00000 0.8459987044 2.4338108394    0.834  2.369  3.6872  1.691    3  0.000  0.513     0.00     0.00     0.00     0.00     0.00 -1 -4.55e-10      0.00 7.484e-01 2.513e-01 4.399e-05 1.447e-05 1.148e-04 -1.000 2.682e-04 -1.152 -1.053 -0.583 -1.699
0.00024632 -1.80000 10.00000 0.8460325599 2.4338212503    0.833  2.408  3.6852  1.644    3  0.000  0.513     0.00     0.00     0.00     0.00     0.00 -1 -5.26e-10      0.00 7.484e-01 2.513e-01 4.399e-05 1.447e-05 1.148e-04 -1.000 2.683e-04 -1.250 -1.147 -0.671 -1.798
0.00024632 -1.80000 10.00000 0.8460624218 2.4338304323    0.833  2.445  3.6833  1.599    3  0.000  0.513     0.00     0.00     0.00     0.00     0.00 -1 -6.03e-10      0.00 7.484e-01 2.513e-01 4.399e-05 1.447e-05 1.148e-04 -1.000 2.682e-04 -1.342 -1.236 -0.753 -1.892
0.00024632 -1.80000 10.00000 0.8460913897 2.4338393387    0.832  2.483  3.6815  1.553    3  0.000  0.513     0.00     0.00     0.00     0.00     0.00 -1 -6.94e-10      0.00 7.484e-01 2.513e-01 4.399e-05 1.447e-05 1.148e-04 -1.000 2.682e-04 -1.438 -1.328 -0.838 -1.990
0.00024632 -1.80000 10.00000 0.8461170793 2.4338472366    0.831  2.519  3.6796  1.509    3  0.000  0.512     6.66     5.31     3.78     2.91     2.36  3 -7.94e-10      0.00 7.484e-01 2.513e-01 4.399e-05 1.447e-05 1.148e-04 -1.000 2.682e-04 -1.528 -1.415 -0.918 -2.083
0.00024632 -1.80000 10.00000 0.8461470604 2.4338564532    0.830  2.564  3.6773  1.454    3  0.000  0.512     7.48     5.86     4.15     3.21     2.59  3 -9.39e-10      0.00 7.484e-01 2.513e-01 4.399e-05 1.448e-05 1.148e-04 -1.000 2.682e-04 -1.640 -1.521 -1.014 -2.197
0.00024632 -1.80000 10.00000 0.8461736441 2.4338646248    0.829  2.607  3.6750  1.401    3  0.000  0.512     8.36     6.44     4.55     3.52     2.85  3  -1.1e-09      0.00 7.484e-01 2.513e-01 4.399e-05 1.448e-05 1.148e-04 -1.000 2.683e-04 -1.748 -1.623 -1.105 -2.307
0.00024632 -1.80000 10.00000 0.8461945057 2.4338710370    0.828  2.643  3.6730  1.357    3  0.000  0.512     9.18     6.98     4.91     3.80     3.08  3 -1.26e-09      0.00 7.484e-01 2.514e-01 4.399e-05 1.448e-05 1.148e-04 -1.000 2.682e-04 -1.838 -1.708 -1.180 -2.400
0.00024632 -1.80000 10.00000 0.8462167382 2.4338778702    0.827  2.684  3.6708  1.306    3  0.000  0.512    10.21     7.64     5.35     4.15     3.36  3 -1.47e-09      0.00 7.484e-01 2.514e-01 4.399e-05 1.448e-05 1.148e-04 -1.000 2.682e-04 -1.941 -1.805 -1.266 -2.505
0.00024632 -1.80000 10.00000 0.8462345004 2.4338833291    0.826  2.719  3.6688  1.263    3  0.000  0.512    11.19     8.27     5.77     4.48     3.63  3 -1.68e-09      0.00 7.484e-01 2.514e-01 4.399e-05 1.448e-05 1.148e-04 -1.000 2.681e-04 -2.029 -1.887 -1.337 -2.595
0.00024632 -1.80000 10.00000 0.8462532759 2.4338890992    0.825  2.759  3.6666  1.214    3  0.000  0.512    12.40     9.03     6.28     4.88     3.95  3 -1.94e-09      0.00 7.484e-01 2.514e-01 4.399e-05 1.448e-05 1.148e-04 -1.000 2.681e-04 -2.127 -1.977 -1.415 -2.695
0.00024632 -1.80000 10.00000 0.8462712169 2.4338946125    0.823  2.799  3.6643  1.164    3  0.000  0.512    13.78     9.88     6.84     5.33     4.32  2 -2.26e-09      0.00 7.484e-01 2.514e-01 4.399e-05 1.448e-05 1.148e-04 -1.000 2.682e-04 -2.227 -2.070 -1.494 -2.797
0.00024632 -1.80000 10.00000 0.8462880254 2.4338997776    0.821  2.839  3.6618  1.113    3  0.000  0.512    15.33    10.83     7.46     5.82     4.72  2 -2.63e-09      0.00 7.484e-01 2.514e-01 4.399e-05 1.448e-05 1.148e-04 -1.000 2.682e-04 -2.328 -2.161 -1.570 -2.899
0.00024632 -1.80000 10.00000 0.8463025689 2.4339042465    0.820  2.876  3.6597  1.066    3  0.000  0.512    16.90    11.77     8.08     6.31     5.11  2 -3.03e-09      0.00 7.484e-01 2.514e-01 4.399e-05 1.448e-05 1.148e-04 -1.000 2.683e-04 -2.420 -2.245 -1.640 -2.993
0.00024632 -1.80000 10.00000 0.8463168144 2.4339086236    0.818  2.915  3.6574  1.018    3  0.000  0.512    18.73    12.85     8.79     6.87     5.57  2  -3.5e-09      0.00 7.484e-01 2.514e-01 4.399e-05 1.448e-05 1.148e-04 -1.000 2.682e-04 -2.517 -2.330 -1.710 -3.089
0.00024632 -1.80000 10.00000 0.8463292122 2.4339124329    0.816  2.950  3.6551  0.972    3  0.000  0.512    20.61    13.94     9.50     7.44     6.03  2 -4.01e-09      0.00 7.484e-01 2.514e-01 4.399e-05 1.448e-05 1.148e-04 -1.000 2.683e-04 -2.605 -2.409 -1.776 -3.175
0.00024632 -1.80000 10.00000 0.8463411927 2.4339161138    0.814  2.987  3.6530  0.926    3  0.000  0.512    22.70    15.14    10.28     8.06     6.53  2 -4.61e-09      0.00 7.484e-01 2.514e-01 4.399e-05 1.448e-05 1.148e-04 -1.000 2.683e-04 -2.697 -2.489 -1.843 -3.264
0.00024632 -1.80000 10.00000 0.8463523984 2.4339195566    0.812  3.023  3.6505  0.879    3  0.000  0.512    25.07    16.48    11.14     8.75     7.10  2 -5.29e-09      0.00 7.484e-01 2.514e-01 4.399e-05 1.448e-05 1.148e-04 -1.000 2.682e-04 -2.787 -2.567 -1.907 -3.352
0.00024632 -1.80000 10.00000 0.8463622332 2.4339225781    0.810  3.056  3.6485  0.836    3  0.000  0.512    27.43    17.79    11.99     9.42     7.64  1 -6.02e-09      0.00 7.484e-01 2.514e-01 4.399e-05 1.448e-05 1.148e-04 -1.000 2.682e-04 -2.871 -2.640 -1.967 -3.433
0.00024632 -1.80000 10.00000 0.8463717103 2.4339254896    0.807  3.090  3.6463  0.792    3  0.000  0.512    30.11    19.26    12.93    10.18     8.26  1 -6.86e-09      0.00 7.484e-01 2.514e-01 4.399e-05 1.448e-05 1.148e-04 -1.000 2.682e-04 -2.956 -2.713 -2.027 -3.515
0.00024632 -1.80000 10.00000 0.8463806510 2.4339282363    0.804  3.124  3.6440  0.747    3  0.000  0.512    33.04    20.85    13.95    10.99     8.92  1 -7.81e-09      0.00 7.484e-01 2.514e-01 4.398e-05 1.448e-05 1.148e-04 -1.000 2.682e-04 -3.040 -2.784 -2.085 -3.595
0.00024632 -1.80000 10.00000 0.8463887572 2.4339307265    0.802  3.156  3.6420  0.706    3  0.000  0.512    36.03    22.45    14.97    11.81     9.59  1 -8.82e-09      0.00 7.484e-01 2.514e-01 4.398e-05 1.448e-05 1.148e-04 -1.000 2.682e-04 -3.120 -2.853 -2.141 -3.672
0.00024632 -1.80000 10.00000 0.8463968039 2.4339331984    0.799  3.189  3.6398  0.662    3  0.000  0.512    39.52    24.29    16.13    12.74    10.35  1 -1.01e-08      0.00 7.484e-01 2.514e-01 4.398e-05 1.448e-05 1.148e-04 -1.000 2.682e-04 -3.204 -2.923 -2.198 -3.751
0.00024632 -1.80000 10.00000 0.8464040160 2.4339354139    0.795  3.221  3.6377  0.621    3  0.000  0.512    43.09    26.15    17.31    13.69    11.11  1 -1.13e-08      0.00 7.484e-01 2.514e-01 4.398e-05 1.448e-05 1.148e-04 -1.000 2.683e-04 -3.282 -2.988 -2.249 -3.824
0.00024632 -1.80000 10.00000 0.8464109302 2.4339375378    0.792  3.251  3.6357  0.580    3  0.000  0.512    46.87    28.08    18.53    14.67    11.91  1 -1.28e-08      0.00 7.484e-01 2.514e-01 4.398e-05 1.448e-05 1.148e-04 -1.000 2.682e-04 -3.357 -3.051 -2.298 -3.895
0.00024632 -1.80000 10.00000 0.8464168310 2.4339393504    0.789  3.275  3.6341  0.548    3  0.000  0.512    50.13    29.73    19.56    15.50    12.59  1 -1.41e-08      0.00 7.484e-01 2.514e-01 4.398e-05 1.448e-05 1.148e-04 -1.000 2.682e-04 -3.418 -3.101 -2.337 -3.951
0.00024632 -1.80000 10.00000 0.8464168310 2.4339393504    0.789  1.732  3.7926  2.726    4  0.000  0.529     0.00     0.00     0.00     0.00     0.00 -1    -1e-30      0.00 7.508e-01 2.490e-01 4.559e-05 1.313e-05 1.152e-04 -1.000 2.682e-04 0.441 0.430 0.676 0.020
0.00024632 -1.80000 10.00000 0.8464740515 2.4339569257    0.789  1.752  3.7845  2.673    4  0.000  0.529     0.00     0.00     0.00     0.00     0.00 -1    -1e-30      0.00 7.508e-01 2.490e-01 4.559e-05 1.313e-05 1.152e-04 -1.000 2.682e-04 0.389 0.383 0.642 -0.046
0.00024632 -1.80000 10.00000 0.8465298414 2.4339740590    0.789  1.755  3.7845  2.670    4  0.000  0.529     0.00     0.00     0.00     0.00     0.00 -1    -1e-30      0.00 7.508e-01 2.490e-01 4.559e-05 1.313e-05 1.152e-04 -1.000 2.682e-04 0.384 0.377 0.637 -0.051
0.00024632 -1.80000 10.00000 0.8465874791 2.4339917571    0.789  1.756  3.7851  2.672    4  0.000  0.529     0.00     0.00     0.00     0.00     0.00 -1    -1e-30      0.00 7.508e-01 2.490e-01 4.559e-05 1.313e-05 1.152e-04 -1.000 2.682e-04 0.381 0.375 0.633 -0.052
0.00024632 -1.80000 10.00000 0.8466446400 2.4340093060    0.789  1.756  3.7860  2.675    4  0.000  0.529     0.00     0.00     0.00     0.00     0.00 -1    -1e-30      0.00 7.508e-01 2.490e-01 4.559e-05 1.314e-05 1.152e-04 -1.000 2.682e-04 0.380 0.372 0.629 -0.052
0.00024632 -1.80000 10.00000 0.8467022181 2.4340269802    0.789  1.756  3.7872  2.679    4  0.000  0.529     0.00     0.00     0.00     0.00     0.00 -1    -1e-30      0.00 7.508e-01 2.490e-01 4.559e-05 1.314e-05 1.152e-04 -1.000 2.683e-04 0.379 0.371 0.626 -0.051
0.00024632 -1.80000 10.00000 0.8467606306 2.4340449077    0.789  1.756  3.7886  2.685    4  0.000  0.529     0.00     0.00     0.00     0.00     0.00 -1    -1e-30      0.00 7.508e-01 2.490e-01 4.559e-05 1.314e-05 1.152e-04 -1.000 2.682e-04 0.379 0.370 0.622 -0.049
0.00024632 -1.80000 10.00000 0.8468184471 2.4340626495    0.789  1.756  3.7903  2.692    4  0.000  0.529     0.00     0.00     0.00     0.00     0.00 -1    -1e-30      0.00 7.508e-01 2.490e-01 4.559e-05 1.314e-05 1.152e-04 -1.000 2.682e-04 0.379 0.369 0.619 -0.046
0.00024632 -1.80000 10.00000 0.8468775153 2.4340807726    0.789  1.756  3.7921  2.700    4  0.000  0.529     0.00     0.00     0.00     0.00     0.00 -1    -1e-30      0.00 7.507e-01 2.490e-01 4.559e-05 1.314e-05 1.152e-04 -1.000 2.682e-04 0.380 0.369 0.615 -0.042
0.00024632 -1.80000 10.00000 0.8469356298 2.4340986002    0.789  1.755  3.7938  2.707    4  0.000  0.529     0.00     0.00     0.00     0.00     0.00 -1    -1e-30      0.00 7.507e-01 2.490e-01 4.559e-05 1.314e-05 1.152e-04 -1.000 2.681e-04 0.381 0.369 0.612 -0.038
0.00024632 -1.80000 10.00000 0.8469895124 2.4341151270    0.789  1.755  3.7953  2.713    4  0.000  0.528     0.00     0.00     0.00     0.00     0.00 -1    -1e-30      0.00 7.507e-01 2.490e-01 4.559e-05 1.314e-05 1.152e-04 -1.000 2.682e-04 0.382 0.369 0.609 -0.035
0.00024632 -1.80000 10.00000 0.8470499516 2.4341336620    0.789  1.755  3.7968  2.719    4  0.000  0.528     0.00     0.00     0.00     0.00     0.00 -1    -1e-30      0.00 7.507e-01 2.490e-01 4.559e-05 1.314e-05 1.152e-04 -1.000 2.682e-04 0.383 0.368 0.606 -0.031
0.00024632 -1.80000 10.00000 0.8471099734 2.4341520661    0.789  1.755  3.7979  2.724    4  0.000  0.528     0.00     0.00     0.00     0.00     0.00 -1    -1e-30      0.00 7.507e-01 2.490e-01 4.559e-05 1.314e-05 1.152e-04 -1.000 2.682e-04 0.383 0.368 0.603 -0.029
0.00024632 -1.80000 10.00000 0.8471682072 2.4341699190    0.789  1.755  3.7987  2.727    4  0.000  0.528     0.00     0.00     0.00     0.00     0.00 -1    -1e-30      0.00 7.507e-01 2.490e-01 4.559e-05 1.314e-05 1.152e-04 -1.000 2.682e-04 0.382 0.367 0.601 -0.028
0.00024632 -1.80000 10.00000 0.8472267389 2.4341878604    0.790  1.755  3.7991  2.729    4  0.000  0.528     0.00     0.00     0.00     0.00     0.00 -1    -1e-30      0.00 7.507e-01 2.490e-01 4.559e-05 1.314e-05 1.152e-04 -1.000 2.682e-04 0.382 0.366 0.600 -0.028
0.00024632 -1.80000 10.00000 0.8472332358 2.4341898517    0.790  1.755  3.7991  2.729    4  0.000  0.528     0.00     0.00     0.00     0.00     0.00 -1    -1e-30      0.00 7.507e-01 2.490e-01 4.559e-05 1.314e-05 1.152e-04 -1.000 2.682e-04 0.382 0.366 0.600 -0.028
0.00024632 -1.80000 10.00000 0.8472872376 2.4342064017    0.790  1.756  3.7988  2.727    4  0.000  0.528     0.00     0.00     0.00     0.00     0.00 -1    -1e-30      0.00 7.507e-01 2.490e-01 4.559e-05 1.314e-05 1.152e-04 -1.000 2.682e-04 0.380 0.365 0.599 -0.030
0.00024632 -1.80000 10.00000 0.8473460078 2.4342244104    0.790  1.757  3.7981  2.723    4  0.000  0.528     0.00     0.00     0.00     0.00     0.00 -1    -1e-30      0.00 7.507e-01 2.490e-01 4.559e-05 1.314e-05 1.152e-04 -1.000 2.682e-04 0.378 0.363 0.598 -0.034
0.00024632 -1.80000 10.00000 0.8474034667 2.4342420145    0.790  1.758  3.7968  2.717    4  0.000  0.528     0.00     0.00     0.00     0.00     0.00 -1    -1e-30      0.00 7.507e-01 2.490e-01 4.559e-05 1.314e-05 1.152e-04 -1.000 2.683e-04 0.375 0.361 0.598 -0.039
0.00024632 -1.80000 10.00000 0.8474581242 2.4342587577    0.790  1.760  3.7951  2.709    4  0.000  0.528     0.00     0.00     0.00     0.00     0.00 -1    -1e-30      0.00 7.507e-01 2.490e-01 4.559e-05 1.314e-05 1.153e-04 -1.000 2.682e-04 0.371 0.358 0.599 -0.046
0.00024632 -1.80000 10.00000 0.8475146890 2.4342760826    0.790  1.761  3.7929  2.698    4  0.000  0.528     0.00     0.00     0.00     0.00     0.00 -1    -1e-30      0.00 7.507e-01 2.490e-01 4.559e-05 1.314e-05 1.153e-04 -1.000 2.682e-04 0.367 0.355 0.599 -0.054
0.00024632 -1.80000 10.00000 0.8475747705 2.4342944817    0.790  1.764  3.7900  2.684    4  0.000  0.528     0.00     0.00     0.00     0.00     0.00 -1    -1e-30      0.00 7.507e-01 2.490e-01 4.559e-05 1.314e-05 1.153e-04 -1.000 2.682e-04 0.361 0.350 0.600 -0.065
0.00024632 -1.80000 10.00000 0.8476311564 2.4343117464    0.790  1.766  3.7868  2.669    4  0.000  0.528     0.00     0.00     0.00     0.00     0.00 -1    -1e-30      0.00 7.507e-01 2.490e-01 4.559e-05 1.314e-05 1.153e-04 -1.000 2.681e-04 0.354 0.346 0.601 -0.077
0.00024632 -1.80000 10.00000 0.8476573825 2.4343197755    0.790  1.768  3.7853  2.661    4  0.000  0.528     0.00     0.00     0.00     0.00     0.00 -1    -1e-30      0.00 7.507e-01 2.490e-01 4.559e-05 1.314e-05 1.153e-04 -1.000 2.682e-04 0.351 0.344 0.602 -0.083
0.00024632 -1.80000 10.00000 0.8477098346 2.4343358322    0.790  1.771  3.7820  2.645    4  0.000  0.528     0.00     0.00     0.00     0.00     0.00 -1    -1e-30      0.00 7.507e-01 2.490e-01 4.559e-05 1.314e-05 1.153e-04 -1.000 2.682e-04 0.343 0.338 0.602 -0.096
0.00024632 -1.80000 10.00000 0.8477653265 2.4343528169    0.790  1.774  3.7786  2.628    4  0.000  0.528     0.00     0.00     0.00     0.00     0.00 -1    -1e-30      0.00 7.507e-01 2.490e-01 4.559e-05 1.314e-05 1.153e-04 -1.000 2.681e-04 0.335 0.332 0.602 -0.110
0.00024632 -1.80000 10.00000 0.8478201628 2.4343695984    0.790  1.778  3.7754  2.611    4  0.000  0.528     0.00     0.00     0.00     0.00     0.00 -1    -1e-30      0.00 7.507e-01 2.491e-01 4.559e-05 1.314e-05 1.153e-04 -1.000 2.682e-04 0.325 0.325 0.601 -0.124
0.00024632 -1.80000 10.00000 0.8478763103 2.4343867787    0.790  1.782  3.7721  2.594    4  0.000  0.528     0.00     0.00     0.00     0.00     0.00 -1    -1e-30      0.00 7.507e-01 2.491e-01 4.559e-05 1.314e-05 1.153e-04 -1.000 2.682e-04 0.314 0.316 0.599 -0.140
0.00024632 -1.80000 10.00000 0.8479298353 2.4344031540    0.790  1.787  3.7693  2.579    4  0.000  0.528     0.00     0.00     0.00     0.00     0.00 -1    -1e-30      0.00 7.507e-01 2.491e-01 4.559e-05 1.314e-05 1.153e-04 -1.000 2.682e-04 0.303 0.307 0.595 -0.155
0.00024632 -1.80000 10.00000 0.8479833007 2.4344195087    0.790  1.791  3.7670  2.565    4  0.000  0.528     0.00     0.00     0.00     0.00     0.00 -1    -1e-30      0.00 7.507e-01 2.491e-01 4.559e-05 1.314e-05 1.153e-04 -1.000 2.681e-04 0.292 0.298 0.590 -0.170
0.00024632 -1.80000 10.00000 0.8480361104 2.4344356605    0.790  1.797  3.7644  2.549    4  0.000  0.528     0.00     0.00     0.00     0.00     0.00 -1    -1e-30      0.00 7.507e-01 2.491e-01 4.559e-05 1.314e-05 1.153e-04 -1.000 2.681e-04 0.279 0.286 0.583 -0.187
0.00024632 -1.80000 10.00000 0.8480896950 2.4344520470    0.790  1.803  3.7616  2.531    4  0.000  0.528     0.00     0.00     0.00     0.00     0.00 -1    -1e-30      0.00 7.507e-01 2.491e-01 4.559e-05 1.314e-05 1.153e-04 -1.000 2.681e-04 0.262 0.272 0.574 -0.208
0.00024632 -1.80000 10.00000 0.8481429815 2.4344683399    0.791  1.811  3.7590  2.513    4  0.000  0.528     0.00     0.00     0.00     0.00     0.00 -1    -1e-30      0.00 7.507e-01 2.491e-01 4.559e-05 1.315e-05 1.153e-04 -1.000 2.682e-04 0.243 0.255 0.563 -0.230
0.00024632 -1.80000 10.00000 0.8481778502 2.4344790001    0.791  1.810  3.7595  2.515    4  0.000  0.528     0.00     0.00     0.00     0.00     0.00 -1    -1e-30      0.00 7.507e-01 2.491e-01 4.559e-05 1.315e-05 1.153e-04 -1.000 2.681e-04 0.244 0.256 0.562 -0.229
0.00024632 -1.80000 10.00000 0.8482303023 2.4344950341    0.791  1.823  3.7554  2.487    4  0.000  0.528     0.00     0.00     0.00     0.00     0.00 -1    -1e-30      0.00 7.507e-01 2.491e-01 4.559e-05 1.315e-05 1.153e-04 -1.000 2.682e-04 0.213 0.228 0.543 -0.265
0.00024632 -1.80000 10.00000 0.8482846022 2.4345116306    0.791  1.839  3.7510  2.453    4  0.000  0.528     0.00     0.00     0.00     0.00     0.00 -1    -1e-30      0.00 7.506e-01 2.491e-01 4.559e-05 1.315e-05 1.153e-04 -1.000 2.682e-04 0.172 0.191 0.513 -0.313
0.00024632 -1.80000 10.00000 0.8483376503 2.4345278421    0.791  1.866  3.7451  2.402    4  0.000  0.528     0.00     0.00     0.00     0.00     0.00 -1    -1e-30      0.00 7.506e-01 2.491e-01 4.559e-05 1.315e-05 1.153e-04 -1.000 2.681e-04 0.105 0.128 0.462 -0.388
0.00024632 -1.80000 10.00000 0.8483697176 2.4345376407    0.791  1.897  3.7391  2.348    4  0.000  0.528     0.00     0.00     0.00     0.00     0.00 -1    -1e-30      0.00 7.506e-01 2.491e-01 4.559e-05 1.315e-05 1.153e-04 -1.000 2.682e-04 0.028 0.056 0.402 -0.473
0.00024632 -1.80000 10.00000 0.8483858109 2.4345425579    0.791  1.931  3.7335  2.292    4  0.000  0.528     0.00     0.00     0.00     0.00     0.00 -1    -1e-30      0.00 7.506e-01 2.491e-01 4.559e-05 1.315e-05 1.153e-04 -1.000 2.682e-04 -0.056 -0.024 0.334 -0.565
0.00024632 -1.80000 10.00000 0.8483926058 2.4345446340    0.791  1.964  3.7286  2.238    4  0.000  0.528     0.00     0.00     0.00     0.00     0.00 -1    -1e-30      0.00 7.506e-01 2.491e-01 4.559e-05 1.315e-05 1.153e-04 -1.000 2.682e-04 -0.140 -0.104 0.265 -0.655
0.00024632 -1.80000 10.00000 0.8483957052 2.4345455809    0.791  1.998  3.7243  2.187    4  0.000  0.528     0.00     0.00     0.00     0.00     0.00 -1    -1e-30      0.00 7.506e-01 2.491e-01 4.559e-05 1.315e-05 1.153e-04 -1.000 2.682e-04 -0.226 -0.184 0.193 -0.745
0.00024632 -1.80000 10.00000 0.8483973145 2.4345460726    0.791  2.030  3.7208  2.141    4  0.000  0.528     0.00     0.00     0.00     0.00     0.00 -1    -1e-30      0.00 7.506e-01 2.491e-01 4.559e-05 1.315e-05 1.153e-04 -1.000 2.682e-04 -0.306 -0.261 0.124 -0.829
0.00024632 -1.80000 10.00000 0.8483974338 2.4345461091    0.791  2.033  3.7206  2.137    7  0.000  0.528     0.00     0.00     0.00     0.00     0.00 -1    -1e-30      0.00 7.506e-01 2.491e-01 4.559e-05 1.315e-05 1.153e-04 -1.000 2.682e-04 -0.312 -0.267 0.118 -0.836
0.00024632 -1.80000 10.00000 0.8483980894 2.4345463094    0.791  2.056  3.7186  2.107    7  0.000  0.528     0.00     0.00     0.00     0.00     0.00 -1    -1e-30      0.00 7.506e-01 2.491e-01 4.559e-05 1.315e-05 1.153e-04 -1.000 2.682e-04 -0.369 -0.322 0.068 -0.895
0.00024632 -1.80000 10.00000 0.8483993411 2.4345466918    0.791  2.100  3.7150  2.048    7  0.000  0.528     0.00     0.00     0.00     0.00     0.00 -1    -1e-30      0.00 7.506e-01 2.491e-01 4.559e-05 1.315e-05 1.153e-04 -1.000 2.681e-04 -0.481 -0.429 -0.030 -1.010
0.00024632 -1.80000 10.00000 0.8484003544 2.4345470014    0.791  2.138  3.7122  1.999    7  0.000  0.528     0.00     0.00     0.00     0.00     0.00 -1    -1e-30      0.00 7.506e-01 2.491e-01 4.559e-05 1.315e-05 1.153e-04 -1.000 2.681e-04 -0.575 -0.520 -0.115 -1.107
0.00024632 -1.80000 10.00000 0.8484014273 2.4345473292    0.791  2.172  3.7097  1.955    7  0.000  0.528     0.00     0.00     0.00     0.00     0.00 -1    -1e-30      0.00 7.506e-01 2.491e-01 4.559e-05 1.315e-05 1.153e-04 -1.000 2.682e-04 -0.661 -0.603 -0.191 -1.196
0.00024632 -1.80000 10.00000 0.8484038711 2.4345480758    0.791  2.185  3.7090  1.939    7  0.000  0.528     0.00     0.00     0.00     0.00     0.00 -1    -1e-30      0.00 7.506e-01 2.491e-01 4.559e-05 1.315e-05 1.153e-04 -1.000 2.682e-04 -0.694 -0.635 -0.222 -1.230
0.00024632 -1.80000 10.00000 0.8484058976 2.4345486950    0.791  2.169  3.7103  1.960    7  0.000  0.528     0.00     0.00     0.00     0.00     0.00 -1    -1e-30      0.00 7.506e-01 2.491e-01 4.559e-05 1.315e-05 1.153e-04 -1.000 2.681e-04 -0.654 -0.596 -0.187 -1.188
0.00024632 -1.80000 10.00000 0.8484136462 2.4345510623    0.791  2.151  3.7115  1.983    7  0.000  0.528     0.00     0.00     0.00     0.00     0.00 -1    -1e-30      0.00 7.506e-01 2.491e-01 4.559e-05 1.315e-05 1.153e-04 -1.000 2.682e-04 -0.607 -0.552 -0.145 -1.141
0.00024632 -1.80000 10.00000 0.8484467864 2.4345611867    0.791  2.177  3.7093  1.949    7  0.000  0.528     0.00     0.00     0.00     0.00     0.00 -1    -1e-30      0.00 7.506e-01 2.491e-01 4.559e-05 1.315e-05 1.153e-04 -1.000 2.682e-04 -0.672 -0.613 -0.201 -1.207
0.00024632 -1.80000 10.00000 0.8484668136 2.4345673046    0.791  2.219  3.7062  1.894    7  0.000  0.528     0.00     0.00     0.00     0.00     0.00 -1    -1e-30      0.00 7.506e-01 2.491e-01 4.559e-05 1.315e-05 1.153e-04 -1.000 2.682e-04 -0.778 -0.715 -0.295 -1.317
0.00024632 -1.80000 10.00000 0.8484823704 2.4345720566    0.791  2.257  3.7036  1.846    7  0.000  0.528     0.00     0.00     0.00     0.00     0.00 -1    -1e-30      0.00 7.506e-01 2.491e-01 4.559e-05 1.315e-05 1.153e-04 -1.000 2.682e-04 -0.873 -0.806 -0.379 -1.413
0.00024632 -1.80000 10.00000 0.8485006690 2.4345776459    0.791  2.301  3.7007  1.790    7  0.000  0.528     0.00     0.00     0.00     0.00     0.00 -1    -1e-30      0.00 7.506e-01 2.491e-01 4.558e-05 1.315e-05 1.153e-04 -1.000 2.682e-04 -0.982 -0.911 -0.476 -1.525
0.00024632 -1.80000 10.00000 0.8485181928 2.4345829983    0.791  2.343  3.6980  1.737    7  0.000  0.528     0.00     0.00     0.00     0.00     0.00 -1    -1e-30      0.00 7.506e-01 2.491e-01 4.558e-05 1.315e-05 1.153e-04 -1.000 2.682e-04 -1.088 -1.012 -0.570 -1.633
0.00024632 -1.80000 10.00000 0.8485339284 2.4345878043    0.791  2.385  3.6954  1.685    7  0.000  0.528     0.00     0.00     0.00     0.00     0.00 -1    -1e-30      0.00 7.506e-01 2.491e-01 4.558e-05 1.315e-05 1.153e-04 -1.000 2.682e-04 -1.192 -1.111 -0.662 -1.738
0.00024632 -1.80000 10.00000 0.8485478759 2.4345920640    0.791  2.426  3.6929  1.634    7  0.000  0.528     0.00     0.00     0.00     0.00     0.00 -1    -1e-30      0.00 7.506e-01 2.491e-01 4.555e-05 1.316e-05 1.153e-04 -1.000 2.683e-04 -1.295 -1.209 -0.753 -1.843
0.00024632 -1.80000 10.00000 0.8485603333 2.4345958685    0.791  2.467  3.6903  1.583    7  0.000  0.526     0.00     0.00     0.00     0.00     0.00 -1    -1e-30      0.00 7.506e-01 2.492e-01 4.542e-05 1.323e-05 1.153e-04 -1.000 2.682e-04 -1.397 -1.306 -0.843 -1.946
0.00024632 -1.80000 10.00000 0.8485717177 2.4345993452    0.791  2.508  3.6878  1.532    7  0.000  0.521     6.24     5.03     3.59     2.77     2.24  3    -1e-30      0.00 7.505e-01 2.492e-01 4.505e-05 1.352e-05 1.153e-04 -1.000 2.682e-04 -1.499 -1.403 -0.933 -2.049
0.00024632 -1.80000 10.00000 0.8485819101 2.4346024577    0.791  2.548  3.6853  1.481    7  0.000  0.511     6.95     5.51     3.91     3.03     2.45  3    -1e-30      0.00 7.504e-01 2.493e-01 4.434e-05 1.426e-05 1.153e-04 -1.000 2.682e-04 -1.601 -1.499 -1.021 -2.151
0.00024632 -1.80000 10.00000 0.8485911489 2.4346052789    0.791  2.589  3.6828  1.430    7  0.000  0.499     7.74     6.04     4.27     3.31     2.67  3    -1e-30      0.00 7.503e-01 2.495e-01 4.335e-05 1.541e-05 1.153e-04 -1.000 2.635e-04 -1.702 -1.595 -1.108 -2.256
0.00024632 -1.80000 10.00000 0.8485996723 2.4346078817    0.791  2.629  3.6802  1.380    7  0.000  0.488     8.61     6.61     4.66     3.61     2.92  3    -1e-30      0.00 7.501e-01 2.496e-01 4.236e-05 1.662e-05 1.153e-04 -1.000 2.516e-04 -1.802 -1.691 -1.193 -2.359
0.00024632 -1.80000 10.00000 0.8486075401 2.4346102842    0.791  2.669  3.6777  1.330    7  0.000  0.478     9.57     7.24     5.08     3.94     3.19  3    -1e-30      0.00 7.500e-01 2.498e-01 4.150e-05 1.769e-05 1.153e-04 -1.000 2.528e-04 -1.902 -1.785 -1.275 -2.462
0.00024632 -1.80000 10.00000 0.8486151695 2.4346126138    0.791  2.709  3.6751  1.280    7  0.000  0.469    10.64     7.93     5.54     4.30     3.48  3    -1e-30      0.00 7.498e-01 2.499e-01 4.072e-05 1.864e-05 1.154e-04 -1.000 2.646e-04 -2.002 -1.878 -1.356 -2.564
0.00024632 -1.80000 10.00000 0.8486224413 2.4346148342    0.791  2.749  3.6725  1.230    7  0.000  0.461    11.84     8.68     6.04     4.70     3.80  3    -1e-30      0.00 7.497e-01 2.501e-01 4.007e-05 1.945e-05 1.154e-04 -1.000 2.381e-04 -2.101 -1.970 -1.436 -2.667
0.00024632 -1.80000 10.00000 0.8486295938 2.4346170182    0.791  2.789  3.6699  1.179    7  0.000  0.454    13.19     9.52     6.59     5.14     4.16  2    -1e-30      0.00 7.495e-01 2.502e-01 3.948e-05 2.017e-05 1.154e-04 -1.000 2.235e-04 -2.203 -2.064 -1.515 -2.771
0.00024632 -1.80000 10.00000 0.8486360312 2.4346189837    0.791  2.830  3.6672  1.127    7  0.000  0.448    14.71    10.45     7.21     5.62     4.56  2    -1e-30      0.00 7.493e-01 2.504e-01 3.897e-05 2.081e-05 1.153e-04 -1.000 2.675e-04 -2.304 -2.156 -1.593 -2.875
0.00024632 -1.80000 10.00000 0.8486419916 2.4346208036    0.791  2.872  3.6643  1.073    7  0.000  0.443    16.50    11.52     7.91     6.18     5.01  2    -1e-30      0.00 7.492e-01 2.506e-01 3.851e-05 2.139e-05 1.153e-04 -1.000 2.682e-04 -2.411 -2.253 -1.672 -2.983
0.00024632 -1.80000 10.00000 0.8486472368 2.4346224051    0.791  2.917  3.6613  1.017    7  0.000  0.439    18.59    12.76     8.72     6.83     5.53  2    -1e-30      0.00 7.490e-01 2.508e-01 3.810e-05 2.191e-05 1.151e-04 -1.000 2.682e-04 -2.522 -2.352 -1.751 -3.096
0.00024632 -1.80000 10.00000 0.8486512899 2.4346236426    0.791  2.958  3.6585  0.964    7  0.000  0.436    20.77    14.02     9.55     7.48     6.07  2    -1e-30      0.00 7.488e-01 2.509e-01 3.779e-05 2.236e-05 1.150e-04 -1.000 2.682e-04 -2.624 -2.441 -1.820 -3.200
0.00024632 -1.80000 10.00000 0.8486547470 2.4346246981    0.791  2.995  3.6558  0.916    7  0.000  0.433    23.00    15.30    10.37     8.14     6.60  2    -1e-30      0.00 7.486e-01 2.511e-01 3.754e-05 2.274e-05 1.148e-04 -1.000 2.682e-04 -2.718 -2.522 -1.885 -3.291
0.00024632 -1.80000 10.00000 0.8486581445 2.4346257354    0.791  3.034  3.6531  0.867    7  0.000  0.432    25.55    16.73    11.30     8.88     7.20  1    -1e-30      0.00 7.485e-01 2.512e-01 3.733e-05 2.310e-05 1.147e-04 -1.000 2.683e-04 -2.814 -2.605 -1.952 -3.384
0.00024632 -1.80000 10.00000 0.8486611843 2.4346266635    0.791  3.088  3.6491  0.797    7  0.000  0.431    29.60    18.97    12.74    10.03     8.14  1    -1e-30      0.00 7.484e-01 2.514e-01 3.717e-05 2.341e-05 1.145e-04 -1.000 2.682e-04 -2.949 -2.719 -2.044 -3.514
0.00024632 -1.80000 10.00000 0.8486639261 2.4346275006    0.791  3.192  3.6413  0.661    7  0.000  0.429    39.50    24.27    16.12    12.73    10.34  1    -1e-30      0.00 7.478e-01 2.520e-01 3.673e-05 2.480e-05 1.135e-04 -1.000 2.675e-04 -3.211 -2.938 -2.219 -3.762
0.00024632 -1.80000 10.00000 0.8486641645 2.4346275734    0.791  3.207  3.6401  0.642    7  0.000  0.429    41.13    25.12    16.65    13.17    10.69  1    -1e-30      0.00 7.477e-01 2.520e-01 3.672e-05 2.487e-05 1.135e-04 -1.000 2.673e-04 -3.247 -2.968 -2.241 -3.796
0.00024632 -1.80000 10.00000 0.8486643434 2.4346276280    0.791  3.225  3.6386  0.618    7  0.000  0.428    43.29    26.24    17.36    13.74    11.15  1    -1e-30      0.00 7.476e-01 2.521e-01 3.651e-05 2.539e-05 1.131e-04 -1.000 2.673e-04 -3.292 -3.004 -2.269 -3.838
0.00024632 -1.80000 10.00000 0.8486646414 2.4346277190    0.791  3.253  3.6364  0.580    7  0.000  0.428    46.88    28.08    18.53    14.67    11.92  1    -1e-30      0.00 7.474e-01 2.523e-01 3.630e-05 2.597e-05 1.127e-04 -1.000 2.676e-04 -3.364 -3.061 -2.311 -3.903
0.00024632 -1.80000 10.00000 0.8486651778 2.4346278827    0.791  3.296  3.6331  0.525    7  0.000  0.427    52.69    31.03    20.38    16.16    13.13  1    -1e-30      0.00 7.472e-01 2.525e-01 3.612e-05 2.657e-05 1.123e-04 -1.000 2.681e-04 -3.469 -3.145 -2.375 -4.000
0.00024632 -1.80000 10.00000 0.8486653566 2.4346279373    0.791  3.305  3.6324  0.512    7  0.541  0.427    54.14    31.75    20.83    16.53    13.43  1    -1e-30      0.00 7.472e-01 2.525e-01 3.608e-05 2.670e-05 1.122e-04 -1.000 2.682e-04 -3.494 -3.165 -2.390 -4.023
0.00024632 -1.80000 10.00000 0.8486654758 2.4346279737    0.791  3.334  3.6276  0.465    8  0.531  0.430    59.86    34.60    22.61    17.96    14.59  1 -5.74e-07      0.00 7.447e-01 2.551e-01 3.564e-05 2.954e-05 1.134e-04 -1.000 2.059e-04 -3.565 -3.206 -2.403 -4.080
0.00024632 -1.80000 10.00000 0.8486655354 2.4346279919    0.789  3.142  3.6423  0.714    8  0.531  0.419    35.27    22.03    14.69    11.59     9.41  1 -2.52e-07      0.00 7.447e-01 2.551e-01 3.564e-05 2.954e-05 1.134e-04 -1.000 2.059e-04 -3.086 -2.820 -2.111 -3.638
0.00024632 -1.80000 10.00000 0.8486656547 2.4346280283    0.787  2.996  3.6537  0.905    8  0.531  0.419    23.53    15.59    10.56     8.29     6.73  2  -1.4e-07      0.00 7.447e-01 2.551e-01 3.564e-05 2.954e-05 1.134e-04 -1.000 2.060e-04 -2.720 -2.514 -1.868 -3.289
0.00024632 -1.80000 10.00000 0.8486658931 2.4346281011    0.781  2.786  3.6699  1.176    8  0.531  0.419    13.21     9.53     6.60     5.14     4.17  2 -6.45e-08      0.00 7.447e-01 2.551e-01 3.564e-05 2.954e-05 1.134e-04 -1.000 2.060e-04 -2.196 -2.057 -1.508 -2.764
0.00024632 -1.80000 10.00000 0.8486661911 2.4346281921    0.774  2.792  3.6693  1.165    8  0.531  0.419    13.50     9.71     6.72     5.24     4.24  2 -6.66e-08      0.00 7.447e-01 2.551e-01 3.564e-05 2.954e-05 1.134e-04 -1.000 2.059e-04 -2.209 -2.068 -1.516 -2.778
0.00024632 -1.80000 10.00000 0.8486666083 2.4346283195    0.765  2.879  3.6622  1.043    8  0.532  0.419    17.41    12.05     8.26     6.46     5.24  2 -9.35e-08      0.00 7.447e-01 2.551e-01 3.564e-05 2.954e-05 1.134e-04 -1.000 2.059e-04 -2.428 -2.262 -1.668 -3.001
0.00024632 -1.80000 10.00000 0.8486670852 2.4346284651    0.754  3.052  3.6484  0.809    8  0.532  0.419    28.51    18.33    12.32     9.71     7.87  1 -1.89e-07      0.00 7.447e-01 2.551e-01 3.564e-05 2.954e-05 1.134e-04 -1.000 2.059e-04 -2.859 -2.626 -1.950 -3.422
0.00024632 -1.80000 10.00000 0.8486676216 2.4346286288    0.742  3.205  3.6359  0.599    8  0.532  0.419    44.45    26.71    17.64    13.99    11.35  1 -3.71e-07      0.00 7.447e-01 2.551e-01 3.564e-05 2.954e-05 1.134e-04 -1.000 2.061e-04 -3.243 -2.939 -2.190 -3.781
0.00024632 -1.80000 10.00000 0.8486682773 2.4346288290    0.728  3.308  3.6275  0.454    8  0.533  0.419    60.23    34.51    22.52    17.94    14.57  1 -6.04e-07      0.00 7.447e-01 2.551e-01 3.564e-05 2.954e-05 1.134e-04 -1.000 2.060e-04 -3.499 -3.139 -2.334 -4.014
0.00024632 -1.80000 10.00000 0.8486689925 2.4346290474    0.712  3.364  3.6226  0.369    8  0.533  0.419    71.95    40.03    25.93    20.72    16.83  0 -8.13e-07      0.00 7.447e-01 2.551e-01 3.564e-05 2.954e-05 1.134e-04 -1.000 2.060e-04 -3.640 -3.242 -2.400 -4.138
0.00024632 -1.80000 10.00000 0.8486698270 2.4346293021    0.695  3.392  3.6199  0.320    8  0.534  0.419    79.66    43.52    28.07    22.48    18.26  0 -9.73e-07      0.00 7.447e-01 2.551e-01 3.564e-05 2.954e-05 1.134e-04 -1.000 2.059e-04 -3.710 -3.292 -2.427 -4.199
0.00024632 -1.80000 10.00000 0.8486707211 2.4346295751    0.677  3.409  3.6180  0.283    8  0.534  0.419    85.68    46.14    29.66    23.80    19.33  0 -1.11e-06      0.00 7.447e-01 2.551e-01 3.564e-05 2.954e-05 1.134e-04 -1.000 2.060e-04 -3.753 -3.318 -2.439 -4.234
0.00024632 -1.80000 10.00000 0.8486749530 2.4346308671    0.536 -9.999  4.0000  1.815    9  0.537  0.000     0.00     0.00     0.00     0.00     0.00 -1    -1e-30      0.00 7.447e-01 2.551e-01 3.564e-05 2.954e-05 1.134e-04 -1.000 2.060e-04 29.767 30.114 30.119 30.091
#isochrone terminated
